35832,0.00,-0.49,-0.05,0.0776,0.0795,-0.1617,0.9805,-0.03,0,0,1,0,0,0,2,0,0,0,0,N,X
35832,0.00,-0.49,-0.05,0.0776,0.0795,-0.1617,0.9805,-0.03,0,0,1,0,0,0,2,0,0,0,0,N,X
35832,0.00,-0.49,-0.05,0.0776,0.0795,-0.1617,0.9805,-0.03,0,0,1,0,0,0,2,0,0,0,0,N,X
35832,0.00,-0.49,-0.05,0.0776,0.0795,-0.1617,0.9805,-0.03,0,0,1,0,0,0,2,0,0,0,0,N,X
35832,0.00,-0.49,-0.05,0.0776,0.0795,-0.1617,0.9805,-0.03,0,0,1,0,0,0,2,0,0,0,0,N,X
35832,0.00,-0.49,-0.05,0.0776,0.0795,-0.1617,0.9805,-0.03,0,0,1,0,0,0,2,0,0,0,0,N,X
35832,0.00,-0.49,-0.05,0.0776,0.0795,-0.1617,0.9805,-0.03,0,0,1,0,0,0,2,0,0,0,0,N,X
35832,0.00,-0.49,-0.05,0.0776,0.0795,-0.1617,0.9805,-0.03,0,0,1,0,0,0,2,0,0,0,0,N,X
35832,0.00,-0.49,-0.05,0.0776,0.0795,-0.1617,0.9805,-0.03,0,0,1,0,0,0,2,0,0,0,0,N,X
35832,0.00,-0.49,-0.05,0.0776,0.0795,-0.1617,0.9805,-0.03,0,0,1,0,0,0,2,0,0,0,0,N,X
35832,0.00,-0.49,-0.05,0.0776,0.0795,-0.1617,0.9805,-0.03,0,0,1,0,0,0,2,0,0,0,0,N,X
35832,0.00,-0.49,-0.05,0.0776,0.0795,-0.1617,0.9805,-0.03,0,0,1,0,0,0,2,0,0,0,0,N,X
35832,0.00,-0.49,-0.05,0.0776,0.0795,-0.1617,0.9805,-0.03,0,0,1,0,0,0,2,0,0,0,0,N,X
35832,0.00,-0.49,-0.05,0.0776,0.0795,-0.1617,0.9805,-0.03,0,0,1,0,0,0,2,0,0,0,0,N,X
35832,0.00,-0.49,-0.05,0.0776,0.0795,-0.1617,0.9805,-0.03,0,0,1,0,0,0,2,0,0,0,0,N,X
35832,0.00,-0.49,-0.05,0.0776,0.0795,-0.1617,0.9805,-0.03,0,0,1,0,0,0,2,0,0,0,0,N,X
35832,0.00,-0.49,-0.05,0.0776,0.0795,-0.1617,0.9805,-0.03,0,0,1,0,0,0,2,0,0,0,0,N,X
35832,0.00,-0.49,-0.05,0.0776,0.0795,-0.1617,0.9805,-0.03,0,0,1,0,0,0,2,0,0,0,0,N,X
35832,0.00,-0.49,-0.05,0.0776,0.0795,-0.1617,0.9805,-0.03,0,0,1,0,0,0,2,0,0,0,0,N,X
35832,0.00,-0.49,-0.05,0.0776,0.0795,-0.1617,0.9805,-0.03,0,0,1,0,0,0,2,0,0,0,0,N,X
35832,0.00,-0.49,-0.05,0.0776,0.0795,-0.1617,0.9805,-0.03,0,0,1,0,0,0,2,0,0,0,0,N,X
35832,0.00,-0.49,-0.05,0.0776,0.0795,-0.1617,0.9805,-0.03,0,0,1,0,0,0,2,0,0,0,0,N,X
35832,0.00,-0.49,-0.05,0.0776,0.0795,-0.1617,0.9805,-0.03,0,0,1,0,0,0,2,0,0,0,0,N,X
35832,0.00,-0.49,-0.05,0.0776,0.0795,-0.1617,0.9805,-0.03,0,0,1,0,0,0,2,0,0,0,0,N,X
35832,0.00,-0.49,-0.05,0.0776,0.0795,-0.1617,0.9805,-0.03,0,0,1,0,0,0,2,0,0,0,0,N,X
35832,0.00,-0.49,-0.05,0.0776,0.0795,-0.1617,0.9805,-0.03,0,0,1,0,0,0,2,0,0,0,0,N,X
35832,0.00,-0.49,-0.05,0.0776,0.0795,-0.1617,0.9805,-0.03,0,0,1,0,0,0,2,0,0,0,0,N,X
35832,0.00,-0.49,-0.05,0.0776,0.0795,-0.1617,0.9805,-0.03,0,0,1,0,0,0,2,0,0,0,0,N,X
35832,0.00,-0.49,-0.05,0.0776,0.0795,-0.1617,0.9805,-0.03,0,0,1,0,0,0,2,0,0,0,0,N,X
35832,0.00,-0.49,-0.05,0.0776,0.0795,-0.1617,0.9805,-0.03,0,0,1,0,0,0,2,0,0,0,0,N,X
35832,0.00,-0.49,-0.05,0.0776,0.0795,-0.1617,0.9805,-0.03,0,0,1,0,0,0,2,0,0,0,0,N,X
35832,0.00,-0.49,-0.05,0.0776,0.0795,-0.1617,0.9805,-0.03,0,0,1,0,0,0,2,0,0,0,0,N,X
36368,-0.27,-1.77,0.61,-0.0399,0.0807,-0.1769,0.9801,-0.13,0,0,1,0,0,0,2,0,0,0,0,N,X
36368,-0.27,-1.77,0.61,-0.0399,0.0807,-0.1769,0.9801,-0.13,0,0,1,0,0,0,2,0,0,0,0,N,X
36368,-0.27,-1.77,0.61,-0.0399,0.0807,-0.1769,0.9801,-0.13,0,0,1,0,0,0,2,0,0,0,0,N,X
36368,-0.27,-1.77,0.61,-0.0399,0.0807,-0.1769,0.9801,-0.13,0,0,1,0,0,0,2,0,0,0,0,N,X
36368,-0.27,-1.77,0.61,-0.0399,0.0807,-0.1769,0.9801,-0.13,0,0,1,0,0,0,2,0,0,0,0,N,X
36368,-0.27,-1.77,0.61,-0.0399,0.0807,-0.1769,0.9801,-0.13,0,0,1,0,0,0,2,0,0,0,0,N,X
36368,-0.27,-1.77,0.61,-0.0399,0.0807,-0.1769,0.9801,-0.13,0,0,1,0,0,0,2,0,0,0,0,N,X
36368,-0.27,-1.77,0.61,-0.0399,0.0807,-0.1769,0.9801,-0.13,0,0,1,0,0,0,2,0,0,0,0,N,X
36368,-0.27,-1.77,0.61,-0.0399,0.0807,-0.1769,0.9801,-0.13,0,0,1,0,0,0,2,0,0,0,0,N,X
36368,-0.27,-1.77,0.61,-0.0399,0.0807,-0.1769,0.9801,-0.13,0,0,1,0,0,0,2,0,0,0,0,N,X
36368,-0.27,-1.77,0.61,-0.0399,0.0807,-0.1769,0.9801,-0.13,0,0,1,0,0,0,2,0,0,0,0,N,X
36368,-0.27,-1.77,0.61,-0.0399,0.0807,-0.1769,0.9801,-0.13,0,0,1,0,0,0,2,0,0,0,0,N,X
36368,-0.27,-1.77,0.61,-0.0399,0.0807,-0.1769,0.9801,-0.13,0,0,1,0,0,0,2,0,0,0,0,N,X
36368,-0.27,-1.77,0.61,-0.0399,0.0807,-0.1769,0.9801,-0.13,0,0,1,0,0,0,2,0,0,0,0,N,X
36368,-0.27,-1.77,0.61,-0.0399,0.0807,-0.1769,0.9801,-0.13,0,0,1,0,0,0,2,0,0,0,0,N,X
36368,-0.27,-1.77,0.61,-0.0399,0.0807,-0.1769,0.9801,-0.13,0,0,1,0,0,0,2,0,0,0,0,N,X
36368,-0.27,-1.77,0.61,-0.0399,0.0807,-0.1769,0.9801,-0.13,0,0,1,0,0,0,2,0,0,0,0,N,X
36368,-0.27,-1.77,0.61,-0.0399,0.0807,-0.1769,0.9801,-0.13,0,0,1,0,0,0,2,0,0,0,0,N,X
36368,-0.27,-1.77,0.61,-0.0399,0.0807,-0.1769,0.9801,-0.13,0,0,1,0,0,0,2,0,0,0,0,N,X
36368,-0.27,-1.77,0.61,-0.0399,0.0807,-0.1769,0.9801,-0.13,0,0,1,0,0,0,2,0,0,0,0,N,X
36368,-0.27,-1.77,0.61,-0.0399,0.0807,-0.1769,0.9801,-0.13,0,0,1,0,0,0,2,0,0,0,0,N,X
36368,-0.27,-1.77,0.61,-0.0399,0.0807,-0.1769,0.9801,-0.13,0,0,1,0,0,0,2,0,0,0,0,N,X
36368,-0.27,-1.77,0.61,-0.0399,0.0807,-0.1769,0.9801,-0.13,0,0,1,0,0,0,2,0,0,0,0,N,X
36368,-0.27,-1.77,0.61,-0.0399,0.0807,-0.1769,0.9801,-0.13,0,0,1,0,0,0,2,0,0,0,0,N,X
36368,-0.27,-1.77,0.61,-0.0399,0.0807,-0.1769,0.9801,-0.13,0,0,1,0,0,0,2,0,0,0,0,N,X
36368,-0.27,-1.77,0.61,-0.0399,0.0807,-0.1769,0.9801,-0.13,0,0,1,0,0,0,2,0,0,0,0,N,X
36368,-0.27,-1.77,0.61,-0.0399,0.0807,-0.1769,0.9801,-0.13,0,0,1,0,0,0,2,0,0,0,0,N,X
36368,-0.27,-1.77,0.61,-0.0399,0.0807,-0.1769,0.9801,-0.13,0,0,1,0,0,0,2,0,0,0,0,N,X
36368,-0.27,-1.77,0.61,-0.0399,0.0807,-0.1769,0.9801,-0.13,0,0,1,0,0,0,2,0,0,0,0,N,X
36368,-0.27,-1.77,0.61,-0.0399,0.0807,-0.1769,0.9801,-0.13,0,0,1,0,0,0,2,0,0,0,0,N,X
36368,-0.27,-1.77,0.61,-0.0399,0.0807,-0.1769,0.9801,-0.13,0,0,1,0,0,0,2,0,0,0,0,N,X
36368,-0.27,-1.77,0.61,-0.0399,0.0807,-0.1769,0.9801,-0.13,0,0,1,0,0,0,2,0,0,0,0,N,X
36368,-0.27,-1.77,0.61,-0.0399,0.0807,-0.1769,0.9801,-0.13,0,0,1,0,0,0,2,0,0,0,0,N,X
36902,1.65,0.83,-0.01,-0.2372,0.0007,-0.2630,0.9352,-0.08,0,0,1,0,0,0,2,0,0,0,0,N,X
36902,1.65,0.83,-0.01,-0.2372,0.0007,-0.2630,0.9352,-0.08,0,0,1,0,0,0,2,0,0,0,0,N,X
36902,1.65,0.83,-0.01,-0.2372,0.0007,-0.2630,0.9352,-0.08,0,0,1,0,0,0,2,0,0,0,0,N,X
36902,1.65,0.83,-0.01,-0.2372,0.0007,-0.2630,0.9352,-0.08,0,0,1,0,0,0,2,0,0,0,0,N,X
36902,1.65,0.83,-0.01,-0.2372,0.0007,-0.2630,0.9352,-0.08,0,0,1,0,0,0,2,0,0,0,0,N,X
36902,1.65,0.83,-0.01,-0.2372,0.0007,-0.2630,0.9352,-0.08,0,0,1,0,0,0,2,0,0,0,0,N,X
36902,1.65,0.83,-0.01,-0.2372,0.0007,-0.2630,0.9352,-0.08,0,0,1,0,0,0,2,0,0,0,0,N,X
36902,1.65,0.83,-0.01,-0.2372,0.0007,-0.2630,0.9352,-0.08,0,0,1,0,0,0,2,0,0,0,0,N,X
36902,1.65,0.83,-0.01,-0.2372,0.0007,-0.2630,0.9352,-0.08,0,0,1,0,0,0,2,0,0,0,0,N,X
36902,1.65,0.83,-0.01,-0.2372,0.0007,-0.2630,0.9352,-0.08,0,0,1,0,0,0,2,0,0,0,0,N,X
36902,1.65,0.83,-0.01,-0.2372,0.0007,-0.2630,0.9352,-0.08,0,0,1,0,0,0,2,0,0,0,0,N,X
36902,1.65,0.83,-0.01,-0.2372,0.0007,-0.2630,0.9352,-0.08,0,0,1,0,0,0,2,0,0,0,0,N,X
36902,1.65,0.83,-0.01,-0.2372,0.0007,-0.2630,0.9352,-0.08,0,0,1,0,0,0,2,0,0,0,0,N,X
36902,1.65,0.83,-0.01,-0.2372,0.0007,-0.2630,0.9352,-0.08,0,0,1,0,0,0,2,0,0,0,0,N,X
36902,1.65,0.83,-0.01,-0.2372,0.0007,-0.2630,0.9352,-0.08,0,0,1,0,0,0,2,0,0,0,0,N,X
36902,1.65,0.83,-0.01,-0.2372,0.0007,-0.2630,0.9352,-0.08,0,0,1,0,0,0,2,0,0,0,0,N,X
36902,1.65,0.83,-0.01,-0.2372,0.0007,-0.2630,0.9352,-0.08,0,0,1,0,0,0,2,0,0,0,0,N,X
36902,1.65,0.83,-0.01,-0.2372,0.0007,-0.2630,0.9352,-0.08,0,0,1,0,0,0,2,0,0,0,0,N,X
36902,1.65,0.83,-0.01,-0.2372,0.0007,-0.2630,0.9352,-0.08,0,0,1,0,0,0,2,0,0,0,0,N,X
36902,1.65,0.83,-0.01,-0.2372,0.0007,-0.2630,0.9352,-0.08,0,0,1,0,0,0,2,0,0,0,0,N,X
36902,1.65,0.83,-0.01,-0.2372,0.0007,-0.2630,0.9352,-0.08,0,0,1,0,0,0,2,0,0,0,0,N,X
36902,1.65,0.83,-0.01,-0.2372,0.0007,-0.2630,0.9352,-0.08,0,0,1,0,0,0,2,0,0,0,0,N,X
36902,1.65,0.83,-0.01,-0.2372,0.0007,-0.2630,0.9352,-0.08,0,0,1,0,0,0,2,0,0,0,0,N,X
36902,1.65,0.83,-0.01,-0.2372,0.0007,-0.2630,0.9352,-0.08,0,0,1,0,0,0,2,0,0,0,0,N,X
36902,1.65,0.83,-0.01,-0.2372,0.0007,-0.2630,0.9352,-0.08,0,0,1,0,0,0,2,0,0,0,0,N,X
36902,1.65,0.83,-0.01,-0.2372,0.0007,-0.2630,0.9352,-0.08,0,0,1,0,0,0,2,0,0,0,0,N,X
36902,1.65,0.83,-0.01,-0.2372,0.0007,-0.2630,0.9352,-0.08,0,0,1,0,0,0,2,0,0,0,0,N,X
36902,1.65,0.83,-0.01,-0.2372,0.0007,-0.2630,0.9352,-0.08,0,0,1,0,0,0,2,0,0,0,0,N,X
36902,1.65,0.83,-0.01,-0.2372,0.0007,-0.2630,0.9352,-0.08,0,0,1,0,0,0,2,0,0,0,0,N,X
36902,1.65,0.83,-0.01,-0.2372,0.0007,-0.2630,0.9352,-0.08,0,0,1,0,0,0,2,0,0,0,0,N,X
36902,1.65,0.83,-0.01,-0.2372,0.0007,-0.2630,0.9352,-0.08,0,0,1,0,0,0,2,0,0,0,0,N,X
36902,1.65,0.83,-0.01,-0.2372,0.0007,-0.2630,0.9352,-0.08,0,0,1,0,0,0,2,0,0,0,0,N,X
37339,1.31,0.57,0.00,-0.2671,0.0316,-0.1751,0.9471,0.11,0,0,1,1,0,0,7,0,0,0,0,N,X
37339,1.31,0.57,0.00,-0.2671,0.0316,-0.1751,0.9471,0.11,0,0,1,1,0,0,7,0,0,0,0,N,X
37339,1.31,0.57,0.00,-0.2671,0.0316,-0.1751,0.9471,0.11,0,0,1,1,0,0,7,0,0,0,0,N,X
37339,1.31,0.57,0.00,-0.2671,0.0316,-0.1751,0.9471,0.11,0,0,1,1,0,0,7,0,0,0,0,N,X
37339,1.31,0.57,0.00,-0.2671,0.0316,-0.1751,0.9471,0.11,0,0,1,1,0,0,7,0,0,0,0,N,X
37339,1.31,0.57,0.00,-0.2671,0.0316,-0.1751,0.9471,0.11,0,0,1,1,0,0,7,0,0,0,0,N,X
37339,1.31,0.57,0.00,-0.2671,0.0316,-0.1751,0.9471,0.11,0,0,1,1,0,0,7,0,0,0,0,N,X
37339,1.31,0.57,0.00,-0.2671,0.0316,-0.1751,0.9471,0.11,0,0,1,1,0,0,7,0,0,0,0,N,X
37339,1.31,0.57,0.00,-0.2671,0.0316,-0.1751,0.9471,0.11,0,0,1,1,0,0,7,0,0,0,0,N,X
37339,1.31,0.57,0.00,-0.2671,0.0316,-0.1751,0.9471,0.11,0,0,1,1,0,0,7,0,0,0,0,N,X
37339,1.31,0.57,0.00,-0.2671,0.0316,-0.1751,0.9471,0.11,0,0,1,1,0,0,7,0,0,0,0,N,X
37339,1.31,0.57,0.00,-0.2671,0.0316,-0.1751,0.9471,0.11,0,0,1,1,0,0,7,0,0,0,0,N,X
37339,1.31,0.57,0.00,-0.2671,0.0316,-0.1751,0.9471,0.11,0,0,1,1,0,0,7,0,0,0,0,N,X
37339,1.31,0.57,0.00,-0.2671,0.0316,-0.1751,0.9471,0.11,0,0,1,1,0,0,7,0,0,0,0,N,X
37339,1.31,0.57,0.00,-0.2671,0.0316,-0.1751,0.9471,0.11,0,0,1,1,0,0,7,0,0,0,0,N,X
37339,1.31,0.57,0.00,-0.2671,0.0316,-0.1751,0.9471,0.11,0,0,1,1,0,0,7,0,0,0,0,N,X
37339,1.31,0.57,0.00,-0.2671,0.0316,-0.1751,0.9471,0.11,0,0,1,1,0,0,7,0,0,0,0,N,X
37339,1.31,0.57,0.00,-0.2671,0.0316,-0.1751,0.9471,0.11,0,0,1,1,0,0,7,0,0,0,0,N,X
37339,1.31,0.57,0.00,-0.2671,0.0316,-0.1751,0.9471,0.11,0,0,1,1,0,0,7,0,0,0,0,N,X
37339,1.31,0.57,0.00,-0.2671,0.0316,-0.1751,0.9471,0.11,0,0,1,1,0,0,7,0,0,0,0,N,X
37339,1.31,0.57,0.00,-0.2671,0.0316,-0.1751,0.9471,0.11,0,0,1,1,0,0,7,0,0,0,0,N,X
37339,1.31,0.57,0.00,-0.2671,0.0316,-0.1751,0.9471,0.11,0,0,1,1,0,0,7,0,0,0,0,N,X
37339,1.31,0.57,0.00,-0.2671,0.0316,-0.1751,0.9471,0.11,0,0,1,1,0,0,7,0,0,0,0,N,X
37339,1.31,0.57,0.00,-0.2671,0.0316,-0.1751,0.9471,0.11,0,0,1,1,0,0,7,0,0,0,0,N,X
37339,1.31,0.57,0.00,-0.2671,0.0316,-0.1751,0.9471,0.11,0,0,1,1,0,0,7,0,0,0,0,N,X
37339,1.31,0.57,0.00,-0.2671,0.0316,-0.1751,0.9471,0.11,0,0,1,1,0,0,7,0,0,0,0,N,X
37339,1.31,0.57,0.00,-0.2671,0.0316,-0.1751,0.9471,0.11,0,0,1,1,0,0,7,0,0,0,0,N,X
37339,1.31,0.57,0.00,-0.2671,0.0316,-0.1751,0.9471,0.11,0,0,1,1,0,0,7,0,0,0,0,N,X
37339,1.31,0.57,0.00,-0.2671,0.0316,-0.1751,0.9471,0.11,0,0,1,1,0,0,7,0,0,0,0,N,X
37339,1.31,0.57,0.00,-0.2671,0.0316,-0.1751,0.9471,0.11,0,0,1,1,0,0,7,0,0,0,0,N,X
37339,1.31,0.57,0.00,-0.2671,0.0316,-0.1751,0.9471,0.11,0,0,1,1,0,0,7,0,0,0,0,N,X
37339,1.31,0.57,0.00,-0.2671,0.0316,-0.1751,0.9471,0.11,0,0,1,1,0,0,7,0,0,0,0,N,X
37339,1.31,0.57,0.00,-0.2671,0.0316,-0.1751,0.9471,0.11,0,0,1,1,0,0,7,0,0,0,0,N,X
37881,0.46,-0.20,0.20,-0.3183,0.0674,-0.1699,0.9302,0.52,0,0,0,1,0,0,7,0,0,0,0,N,X
37881,0.46,-0.20,0.20,-0.3183,0.0674,-0.1699,0.9302,0.52,0,0,0,1,0,0,7,0,0,0,0,N,X
37881,0.46,-0.20,0.20,-0.3183,0.0674,-0.1699,0.9302,0.52,0,0,0,1,0,0,7,0,0,0,0,N,X
37881,0.46,-0.20,0.20,-0.3183,0.0674,-0.1699,0.9302,0.52,0,0,0,1,0,0,7,0,0,0,0,N,X
37881,0.46,-0.20,0.20,-0.3183,0.0674,-0.1699,0.9302,0.52,0,0,0,1,0,0,7,0,0,0,0,N,X
37881,0.46,-0.20,0.20,-0.3183,0.0674,-0.1699,0.9302,0.52,0,0,0,1,0,0,7,0,0,0,0,N,X
37881,0.46,-0.20,0.20,-0.3183,0.0674,-0.1699,0.9302,0.52,0,0,0,1,0,0,7,0,0,0,0,N,X
37881,0.46,-0.20,0.20,-0.3183,0.0674,-0.1699,0.9302,0.52,0,0,0,1,0,0,7,0,0,0,0,N,X
37881,0.46,-0.20,0.20,-0.3183,0.0674,-0.1699,0.9302,0.52,0,0,0,1,0,0,7,0,0,0,0,N,X
37881,0.46,-0.20,0.20,-0.3183,0.0674,-0.1699,0.9302,0.52,0,0,0,1,0,0,7,0,0,0,0,N,X
37881,0.46,-0.20,0.20,-0.3183,0.0674,-0.1699,0.9302,0.52,0,0,0,1,0,0,7,0,0,0,0,N,X
37881,0.46,-0.20,0.20,-0.3183,0.0674,-0.1699,0.9302,0.52,0,0,0,1,0,0,7,0,0,0,0,N,X
37881,0.46,-0.20,0.20,-0.3183,0.0674,-0.1699,0.9302,0.52,0,0,0,1,0,0,7,0,0,0,0,N,X
37881,0.46,-0.20,0.20,-0.3183,0.0674,-0.1699,0.9302,0.52,0,0,0,1,0,0,7,0,0,0,0,N,X
37881,0.46,-0.20,0.20,-0.3183,0.0674,-0.1699,0.9302,0.52,0,0,0,1,0,0,7,0,0,0,0,N,X
37881,0.46,-0.20,0.20,-0.3183,0.0674,-0.1699,0.9302,0.52,0,0,0,1,0,0,7,0,0,0,0,N,X
37881,0.46,-0.20,0.20,-0.3183,0.0674,-0.1699,0.9302,0.52,0,0,0,1,0,0,7,0,0,0,0,N,X
37881,0.46,-0.20,0.20,-0.3183,0.0674,-0.1699,0.9302,0.52,0,0,0,1,0,0,7,0,0,0,0,N,X
37881,0.46,-0.20,0.20,-0.3183,0.0674,-0.1699,0.9302,0.52,0,0,0,1,0,0,7,0,0,0,0,N,X
37881,0.46,-0.20,0.20,-0.3183,0.0674,-0.1699,0.9302,0.52,0,0,0,1,0,0,7,0,0,0,0,N,X
37881,0.46,-0.20,0.20,-0.3183,0.0674,-0.1699,0.9302,0.52,0,0,0,1,0,0,7,0,0,0,0,N,X
37881,0.46,-0.20,0.20,-0.3183,0.0674,-0.1699,0.9302,0.52,0,0,0,1,0,0,7,0,0,0,0,N,X
37881,0.46,-0.20,0.20,-0.3183,0.0674,-0.1699,0.9302,0.52,0,0,0,1,0,0,7,0,0,0,0,N,X
37881,0.46,-0.20,0.20,-0.3183,0.0674,-0.1699,0.9302,0.52,0,0,0,1,0,0,7,0,0,0,0,N,X
37881,0.46,-0.20,0.20,-0.3183,0.0674,-0.1699,0.9302,0.52,0,0,0,1,0,0,7,0,0,0,0,N,X
37881,0.46,-0.20,0.20,-0.3183,0.0674,-0.1699,0.9302,0.52,0,0,0,1,0,0,7,0,0,0,0,N,X
37881,0.46,-0.20,0.20,-0.3183,0.0674,-0.1699,0.9302,0.52,0,0,0,1,0,0,7,0,0,0,0,N,X
37881,0.46,-0.20,0.20,-0.3183,0.0674,-0.1699,0.9302,0.52,0,0,0,1,0,0,7,0,0,0,0,N,X
37881,0.46,-0.20,0.20,-0.3183,0.0674,-0.1699,0.9302,0.52,0,0,0,1,0,0,7,0,0,0,0,N,X
37881,0.46,-0.20,0.20,-0.3183,0.0674,-0.1699,0.9302,0.52,0,0,0,1,0,0,7,0,0,0,0,N,X
37881,0.46,-0.20,0.20,-0.3183,0.0674,-0.1699,0.9302,0.52,0,0,0,1,0,0,7,0,0,0,0,N,X
37881,0.46,-0.20,0.20,-0.3183,0.0674,-0.1699,0.9302,0.52,0,0,0,1,0,0,7,0,0,0,0,N,X
37881,0.46,-0.20,0.20,-0.3183,0.0674,-0.1699,0.9302,0.52,0,0,0,1,0,0,7,0,0,0,0,N,X
37881,0.46,-0.20,0.20,-0.3183,0.0674,-0.1699,0.9302,0.52,0,0,0,1,0,0,7,0,0,0,0,N,X
37881,0.46,-0.20,0.20,-0.3183,0.0674,-0.1699,0.9302,0.52,0,0,0,1,0,0,7,0,0,0,0,N,X
37881,0.46,-0.20,0.20,-0.3183,0.0674,-0.1699,0.9302,0.52,0,0,0,1,0,0,7,0,0,0,0,N,X
37881,0.46,-0.20,0.20,-0.3183,0.0674,-0.1699,0.9302,0.52,0,0,0,1,0,0,7,0,0,0,0,N,X
37881,0.46,-0.20,0.20,-0.3183,0.0674,-0.1699,0.9302,0.52,0,0,0,1,0,0,7,0,0,0,0,N,X
38516,0.22,-0.39,0.35,-0.3640,0.0528,-0.1252,0.9214,0.02,0,0,1,0,0,0,7,0,0,0,0,N,X
38516,0.22,-0.39,0.35,-0.3640,0.0528,-0.1252,0.9214,0.02,0,0,1,0,0,0,7,0,0,0,0,N,X
38516,0.22,-0.39,0.35,-0.3640,0.0528,-0.1252,0.9214,0.02,0,0,1,0,0,0,7,0,0,0,0,N,X
38516,0.22,-0.39,0.35,-0.3640,0.0528,-0.1252,0.9214,0.02,0,0,1,0,0,0,7,0,0,0,0,N,X
38516,0.22,-0.39,0.35,-0.3640,0.0528,-0.1252,0.9214,0.02,0,0,1,0,0,0,7,0,0,0,0,N,X
38516,0.22,-0.39,0.35,-0.3640,0.0528,-0.1252,0.9214,0.02,0,0,1,0,0,0,7,0,0,0,0,N,X
38516,0.22,-0.39,0.35,-0.3640,0.0528,-0.1252,0.9214,0.02,0,0,1,0,0,0,7,0,0,0,0,N,X
38516,0.22,-0.39,0.35,-0.3640,0.0528,-0.1252,0.9214,0.02,0,0,1,0,0,0,7,0,0,0,0,N,X
38516,0.22,-0.39,0.35,-0.3640,0.0528,-0.1252,0.9214,0.02,0,0,1,0,0,0,7,0,0,0,0,N,X
38516,0.22,-0.39,0.35,-0.3640,0.0528,-0.1252,0.9214,0.02,0,0,1,0,0,0,7,0,0,0,0,N,X
38516,0.22,-0.39,0.35,-0.3640,0.0528,-0.1252,0.9214,0.02,0,0,1,0,0,0,7,0,0,0,0,N,X
38516,0.22,-0.39,0.35,-0.3640,0.0528,-0.1252,0.9214,0.02,0,0,1,0,0,0,7,0,0,0,0,N,X
38516,0.22,-0.39,0.35,-0.3640,0.0528,-0.1252,0.9214,0.02,0,0,1,0,0,0,7,0,0,0,0,N,X
38516,0.22,-0.39,0.35,-0.3640,0.0528,-0.1252,0.9214,0.02,0,0,1,0,0,0,7,0,0,0,0,N,X
38516,0.22,-0.39,0.35,-0.3640,0.0528,-0.1252,0.9214,0.02,0,0,1,0,0,0,7,0,0,0,0,N,X
38516,0.22,-0.39,0.35,-0.3640,0.0528,-0.1252,0.9214,0.02,0,0,1,0,0,0,7,0,0,0,0,N,X
38516,0.22,-0.39,0.35,-0.3640,0.0528,-0.1252,0.9214,0.02,0,0,1,0,0,0,7,0,0,0,0,N,X
38516,0.22,-0.39,0.35,-0.3640,0.0528,-0.1252,0.9214,0.02,0,0,1,0,0,0,7,0,0,0,0,N,X
38516,0.22,-0.39,0.35,-0.3640,0.0528,-0.1252,0.9214,0.02,0,0,1,0,0,0,7,0,0,0,0,N,X
38516,0.22,-0.39,0.35,-0.3640,0.0528,-0.1252,0.9214,0.02,0,0,1,0,0,0,7,0,0,0,0,N,X
38516,0.22,-0.39,0.35,-0.3640,0.0528,-0.1252,0.9214,0.02,0,0,1,0,0,0,7,0,0,0,0,N,X
38516,0.22,-0.39,0.35,-0.3640,0.0528,-0.1252,0.9214,0.02,0,0,1,0,0,0,7,0,0,0,0,N,X
38516,0.22,-0.39,0.35,-0.3640,0.0528,-0.1252,0.9214,0.02,0,0,1,0,0,0,7,0,0,0,0,N,X
38516,0.22,-0.39,0.35,-0.3640,0.0528,-0.1252,0.9214,0.02,0,0,1,0,0,0,7,0,0,0,0,N,X
38516,0.22,-0.39,0.35,-0.3640,0.0528,-0.1252,0.9214,0.02,0,0,1,0,0,0,7,0,0,0,0,N,X
38516,0.22,-0.39,0.35,-0.3640,0.0528,-0.1252,0.9214,0.02,0,0,1,0,0,0,7,0,0,0,0,N,X
38516,0.22,-0.39,0.35,-0.3640,0.0528,-0.1252,0.9214,0.02,0,0,1,0,0,0,7,0,0,0,0,N,X
38516,0.22,-0.39,0.35,-0.3640,0.0528,-0.1252,0.9214,0.02,0,0,1,0,0,0,7,0,0,0,0,N,X
38516,0.22,-0.39,0.35,-0.3640,0.0528,-0.1252,0.9214,0.02,0,0,1,0,0,0,7,0,0,0,0,N,X
38516,0.22,-0.39,0.35,-0.3640,0.0528,-0.1252,0.9214,0.02,0,0,1,0,0,0,7,0,0,0,0,N,X
38516,0.22,-0.39,0.35,-0.3640,0.0528,-0.1252,0.9214,0.02,0,0,1,0,0,0,7,0,0,0,0,N,X
38516,0.22,-0.39,0.35,-0.3640,0.0528,-0.1252,0.9214,0.02,0,0,1,0,0,0,7,0,0,0,0,N,X
39126,0.00,0.04,0.13,-0.3946,0.0480,-0.1354,0.9075,0.30,0,0,1,0,0,0,7,0,0,0,0,N,X
39126,0.00,0.04,0.13,-0.3946,0.0480,-0.1354,0.9075,0.30,0,0,1,0,0,0,7,0,0,0,0,N,X
39126,0.00,0.04,0.13,-0.3946,0.0480,-0.1354,0.9075,0.30,0,0,1,0,0,0,7,0,0,0,0,N,X
39126,0.00,0.04,0.13,-0.3946,0.0480,-0.1354,0.9075,0.30,0,0,1,0,0,0,7,0,0,0,0,N,X
39126,0.00,0.04,0.13,-0.3946,0.0480,-0.1354,0.9075,0.30,0,0,1,0,0,0,7,0,0,0,0,N,X
39126,0.00,0.04,0.13,-0.3946,0.0480,-0.1354,0.9075,0.30,0,0,1,0,0,0,7,0,0,0,0,N,X
39126,0.00,0.04,0.13,-0.3946,0.0480,-0.1354,0.9075,0.30,0,0,1,0,0,0,7,0,0,0,0,N,X
39126,0.00,0.04,0.13,-0.3946,0.0480,-0.1354,0.9075,0.30,0,0,1,0,0,0,7,0,0,0,0,N,X
39126,0.00,0.04,0.13,-0.3946,0.0480,-0.1354,0.9075,0.30,0,0,1,0,0,0,7,0,0,0,0,N,X
39126,0.00,0.04,0.13,-0.3946,0.0480,-0.1354,0.9075,0.30,0,0,1,0,0,0,7,0,0,0,0,N,X
39126,0.00,0.04,0.13,-0.3946,0.0480,-0.1354,0.9075,0.30,0,0,1,0,0,0,7,0,0,0,0,N,X
39126,0.00,0.04,0.13,-0.3946,0.0480,-0.1354,0.9075,0.30,0,0,1,0,0,0,7,0,0,0,0,N,X
39126,0.00,0.04,0.13,-0.3946,0.0480,-0.1354,0.9075,0.30,0,0,1,0,0,0,7,0,0,0,0,N,X
39126,0.00,0.04,0.13,-0.3946,0.0480,-0.1354,0.9075,0.30,0,0,1,0,0,0,7,0,0,0,0,N,X
39126,0.00,0.04,0.13,-0.3946,0.0480,-0.1354,0.9075,0.30,0,0,1,0,0,0,7,0,0,0,0,N,X
39126,0.00,0.04,0.13,-0.3946,0.0480,-0.1354,0.9075,0.30,0,0,1,0,0,0,7,0,0,0,0,N,X
39126,0.00,0.04,0.13,-0.3946,0.0480,-0.1354,0.9075,0.30,0,0,1,0,0,0,7,0,0,0,0,N,X
39126,0.00,0.04,0.13,-0.3946,0.0480,-0.1354,0.9075,0.30,0,0,1,0,0,0,7,0,0,0,0,N,X
39126,0.00,0.04,0.13,-0.3946,0.0480,-0.1354,0.9075,0.30,0,0,1,0,0,0,7,0,0,0,0,N,X
39126,0.00,0.04,0.13,-0.3946,0.0480,-0.1354,0.9075,0.30,0,0,1,0,0,0,7,0,0,0,0,N,X
39126,0.00,0.04,0.13,-0.3946,0.0480,-0.1354,0.9075,0.30,0,0,1,0,0,0,7,0,0,0,0,N,X
39126,0.00,0.04,0.13,-0.3946,0.0480,-0.1354,0.9075,0.30,0,0,1,0,0,0,7,0,0,0,0,N,X
39126,0.00,0.04,0.13,-0.3946,0.0480,-0.1354,0.9075,0.30,0,0,1,0,0,0,7,0,0,0,0,N,X
39126,0.00,0.04,0.13,-0.3946,0.0480,-0.1354,0.9075,0.30,0,0,1,0,0,0,7,0,0,0,0,N,X
39126,0.00,0.04,0.13,-0.3946,0.0480,-0.1354,0.9075,0.30,0,0,1,0,0,0,7,0,0,0,0,N,X
39126,0.00,0.04,0.13,-0.3946,0.0480,-0.1354,0.9075,0.30,0,0,1,0,0,0,7,0,0,0,0,N,X
39126,0.00,0.04,0.13,-0.3946,0.0480,-0.1354,0.9075,0.30,0,0,1,0,0,0,7,0,0,0,0,N,X
39126,0.00,0.04,0.13,-0.3946,0.0480,-0.1354,0.9075,0.30,0,0,1,0,0,0,7,0,0,0,0,N,X
39126,0.00,0.04,0.13,-0.3946,0.0480,-0.1354,0.9075,0.30,0,0,1,0,0,0,7,0,0,0,0,N,X
39126,0.00,0.04,0.13,-0.3946,0.0480,-0.1354,0.9075,0.30,0,0,1,0,0,0,7,0,0,0,0,N,X
39126,0.00,0.04,0.13,-0.3946,0.0480,-0.1354,0.9075,0.30,0,0,1,0,0,0,7,0,0,0,0,N,X
39126,0.00,0.04,0.13,-0.3946,0.0480,-0.1354,0.9075,0.30,0,0,1,0,0,0,7,0,0,0,0,N,X
39126,0.00,0.04,0.13,-0.3946,0.0480,-0.1354,0.9075,0.30,0,0,1,0,0,0,7,0,0,0,0,N,X
39126,0.00,0.04,0.13,-0.3946,0.0480,-0.1354,0.9075,0.30,0,0,1,0,0,0,7,0,0,0,0,N,X
39126,0.00,0.04,0.13,-0.3946,0.0480,-0.1354,0.9075,0.30,0,0,1,0,0,0,7,0,0,0,0,N,X
39126,0.00,0.04,0.13,-0.3946,0.0480,-0.1354,0.9075,0.30,0,0,1,0,0,0,7,0,0,0,0,N,X
39126,0.00,0.04,0.13,-0.3946,0.0480,-0.1354,0.9075,0.30,0,0,1,0,0,0,7,0,0,0,0,N,X
39126,0.00,0.04,0.13,-0.3946,0.0480,-0.1354,0.9075,0.30,0,0,1,0,0,0,7,0,0,0,0,N,X
39650,0.36,-0.10,-0.76,-0.3532,0.0626,-0.0971,0.9284,-0.00,0,0,1,0,0,0,7,0,0,0,0,N,X
39650,0.36,-0.10,-0.76,-0.3532,0.0626,-0.0971,0.9284,-0.00,0,0,1,0,0,0,7,0,0,0,0,N,X
39650,0.36,-0.10,-0.76,-0.3532,0.0626,-0.0971,0.9284,-0.00,0,0,1,0,0,0,7,0,0,0,0,N,X
39650,0.36,-0.10,-0.76,-0.3532,0.0626,-0.0971,0.9284,-0.00,0,0,1,0,0,0,7,0,0,0,0,N,X
39650,0.36,-0.10,-0.76,-0.3532,0.0626,-0.0971,0.9284,-0.00,0,0,1,0,0,0,7,0,0,0,0,N,X
39650,0.36,-0.10,-0.76,-0.3532,0.0626,-0.0971,0.9284,-0.00,0,0,1,0,0,0,7,0,0,0,0,N,X
39650,0.36,-0.10,-0.76,-0.3532,0.0626,-0.0971,0.9284,-0.00,0,0,1,0,0,0,7,0,0,0,0,N,X
39650,0.36,-0.10,-0.76,-0.3532,0.0626,-0.0971,0.9284,-0.00,0,0,1,0,0,0,7,0,0,0,0,N,X
39650,0.36,-0.10,-0.76,-0.3532,0.0626,-0.0971,0.9284,-0.00,0,0,1,0,0,0,7,0,0,0,0,N,X
39650,0.36,-0.10,-0.76,-0.3532,0.0626,-0.0971,0.9284,-0.00,0,0,1,0,0,0,7,0,0,0,0,N,X
39650,0.36,-0.10,-0.76,-0.3532,0.0626,-0.0971,0.9284,-0.00,0,0,1,0,0,0,7,0,0,0,0,N,X
39650,0.36,-0.10,-0.76,-0.3532,0.0626,-0.0971,0.9284,-0.00,0,0,1,0,0,0,7,0,0,0,0,N,X
39650,0.36,-0.10,-0.76,-0.3532,0.0626,-0.0971,0.9284,-0.00,0,0,1,0,0,0,7,0,0,0,0,N,X
39650,0.36,-0.10,-0.76,-0.3532,0.0626,-0.0971,0.9284,-0.00,0,0,1,0,0,0,7,0,0,0,0,N,X
39650,0.36,-0.10,-0.76,-0.3532,0.0626,-0.0971,0.9284,-0.00,0,0,1,0,0,0,7,0,0,0,0,N,X
39650,0.36,-0.10,-0.76,-0.3532,0.0626,-0.0971,0.9284,-0.00,0,0,1,0,0,0,7,0,0,0,0,N,X
39650,0.36,-0.10,-0.76,-0.3532,0.0626,-0.0971,0.9284,-0.00,0,0,1,0,0,0,7,0,0,0,0,N,X
39650,0.36,-0.10,-0.76,-0.3532,0.0626,-0.0971,0.9284,-0.00,0,0,1,0,0,0,7,0,0,0,0,N,X
39650,0.36,-0.10,-0.76,-0.3532,0.0626,-0.0971,0.9284,-0.00,0,0,1,0,0,0,7,0,0,0,0,N,X
39650,0.36,-0.10,-0.76,-0.3532,0.0626,-0.0971,0.9284,-0.00,0,0,1,0,0,0,7,0,0,0,0,N,X
39650,0.36,-0.10,-0.76,-0.3532,0.0626,-0.0971,0.9284,-0.00,0,0,1,0,0,0,7,0,0,0,0,N,X
39650,0.36,-0.10,-0.76,-0.3532,0.0626,-0.0971,0.9284,-0.00,0,0,1,0,0,0,7,0,0,0,0,N,X
39650,0.36,-0.10,-0.76,-0.3532,0.0626,-0.0971,0.9284,-0.00,0,0,1,0,0,0,7,0,0,0,0,N,X
39650,0.36,-0.10,-0.76,-0.3532,0.0626,-0.0971,0.9284,-0.00,0,0,1,0,0,0,7,0,0,0,0,N,X
39650,0.36,-0.10,-0.76,-0.3532,0.0626,-0.0971,0.9284,-0.00,0,0,1,0,0,0,7,0,0,0,0,N,X
39650,0.36,-0.10,-0.76,-0.3532,0.0626,-0.0971,0.9284,-0.00,0,0,1,0,0,0,7,0,0,0,0,N,X
39650,0.36,-0.10,-0.76,-0.3532,0.0626,-0.0971,0.9284,-0.00,0,0,1,0,0,0,7,0,0,0,0,N,X
39650,0.36,-0.10,-0.76,-0.3532,0.0626,-0.0971,0.9284,-0.00,0,0,1,0,0,0,7,0,0,0,0,N,X
39650,0.36,-0.10,-0.76,-0.3532,0.0626,-0.0971,0.9284,-0.00,0,0,1,0,0,0,7,0,0,0,0,N,X
39650,0.36,-0.10,-0.76,-0.3532,0.0626,-0.0971,0.9284,-0.00,0,0,1,0,0,0,7,0,0,0,0,N,X
39650,0.36,-0.10,-0.76,-0.3532,0.0626,-0.0971,0.9284,-0.00,0,0,1,0,0,0,7,0,0,0,0,N,X
39650,0.36,-0.10,-0.76,-0.3532,0.0626,-0.0971,0.9284,-0.00,0,0,1,0,0,0,7,0,0,0,0,N,X
39650,0.36,-0.10,-0.76,-0.3532,0.0626,-0.0971,0.9284,-0.00,0,0,1,0,0,0,7,0,0,0,0,N,X
40268,-0.03,0.02,0.24,-0.3674,0.0474,-0.1063,0.9228,-0.16,0,0,1,0,0,0,7,0,0,0,0,N,X
40268,-0.03,0.02,0.24,-0.3674,0.0474,-0.1063,0.9228,-0.16,0,0,1,0,0,0,7,0,0,0,0,N,X
40268,-0.03,0.02,0.24,-0.3674,0.0474,-0.1063,0.9228,-0.16,0,0,1,0,0,0,7,0,0,0,0,N,X
40268,-0.03,0.02,0.24,-0.3674,0.0474,-0.1063,0.9228,-0.16,0,0,1,0,0,0,7,0,0,0,0,N,X
40268,-0.03,0.02,0.24,-0.3674,0.0474,-0.1063,0.9228,-0.16,0,0,1,0,0,0,7,0,0,0,0,N,X
40268,-0.03,0.02,0.24,-0.3674,0.0474,-0.1063,0.9228,-0.16,0,0,1,0,0,0,7,0,0,0,0,N,X
40268,-0.03,0.02,0.24,-0.3674,0.0474,-0.1063,0.9228,-0.16,0,0,1,0,0,0,7,0,0,0,0,N,X
40268,-0.03,0.02,0.24,-0.3674,0.0474,-0.1063,0.9228,-0.16,0,0,1,0,0,0,7,0,0,0,0,N,X
40268,-0.03,0.02,0.24,-0.3674,0.0474,-0.1063,0.9228,-0.16,0,0,1,0,0,0,7,0,0,0,0,N,X
40268,-0.03,0.02,0.24,-0.3674,0.0474,-0.1063,0.9228,-0.16,0,0,1,0,0,0,7,0,0,0,0,N,X
40268,-0.03,0.02,0.24,-0.3674,0.0474,-0.1063,0.9228,-0.16,0,0,1,0,0,0,7,0,0,0,0,N,X
40268,-0.03,0.02,0.24,-0.3674,0.0474,-0.1063,0.9228,-0.16,0,0,1,0,0,0,7,0,0,0,0,N,X
40268,-0.03,0.02,0.24,-0.3674,0.0474,-0.1063,0.9228,-0.16,0,0,1,0,0,0,7,0,0,0,0,N,X
40268,-0.03,0.02,0.24,-0.3674,0.0474,-0.1063,0.9228,-0.16,0,0,1,0,0,0,7,0,0,0,0,N,X
40268,-0.03,0.02,0.24,-0.3674,0.0474,-0.1063,0.9228,-0.16,0,0,1,0,0,0,7,0,0,0,0,N,X
40268,-0.03,0.02,0.24,-0.3674,0.0474,-0.1063,0.9228,-0.16,0,0,1,0,0,0,7,0,0,0,0,N,X
40268,-0.03,0.02,0.24,-0.3674,0.0474,-0.1063,0.9228,-0.16,0,0,1,0,0,0,7,0,0,0,0,N,X
40268,-0.03,0.02,0.24,-0.3674,0.0474,-0.1063,0.9228,-0.16,0,0,1,0,0,0,7,0,0,0,0,N,X
40268,-0.03,0.02,0.24,-0.3674,0.0474,-0.1063,0.9228,-0.16,0,0,1,0,0,0,7,0,0,0,0,N,X
40268,-0.03,0.02,0.24,-0.3674,0.0474,-0.1063,0.9228,-0.16,0,0,1,0,0,0,7,0,0,0,0,N,X
40268,-0.03,0.02,0.24,-0.3674,0.0474,-0.1063,0.9228,-0.16,0,0,1,0,0,0,7,0,0,0,0,N,X
40268,-0.03,0.02,0.24,-0.3674,0.0474,-0.1063,0.9228,-0.16,0,0,1,0,0,0,7,0,0,0,0,N,X
40268,-0.03,0.02,0.24,-0.3674,0.0474,-0.1063,0.9228,-0.16,0,0,1,0,0,0,7,0,0,0,0,N,X
40268,-0.03,0.02,0.24,-0.3674,0.0474,-0.1063,0.9228,-0.16,0,0,1,0,0,0,7,0,0,0,0,N,X
40268,-0.03,0.02,0.24,-0.3674,0.0474,-0.1063,0.9228,-0.16,0,0,1,0,0,0,7,0,0,0,0,N,X
40268,-0.03,0.02,0.24,-0.3674,0.0474,-0.1063,0.9228,-0.16,0,0,1,0,0,0,7,0,0,0,0,N,X
40268,-0.03,0.02,0.24,-0.3674,0.0474,-0.1063,0.9228,-0.16,0,0,1,0,0,0,7,0,0,0,0,N,X
40268,-0.03,0.02,0.24,-0.3674,0.0474,-0.1063,0.9228,-0.16,0,0,1,0,0,0,7,0,0,0,0,N,X
40268,-0.03,0.02,0.24,-0.3674,0.0474,-0.1063,0.9228,-0.16,0,0,1,0,0,0,7,0,0,0,0,N,X
40268,-0.03,0.02,0.24,-0.3674,0.0474,-0.1063,0.9228,-0.16,0,0,1,0,0,0,7,0,0,0,0,N,X
40268,-0.03,0.02,0.24,-0.3674,0.0474,-0.1063,0.9228,-0.16,0,0,1,0,0,0,7,0,0,0,0,N,X
40268,-0.03,0.02,0.24,-0.3674,0.0474,-0.1063,0.9228,-0.16,0,0,1,0,0,0,7,0,0,0,0,N,X
40802,0.78,-0.08,0.33,-0.3505,0.0460,-0.1219,0.9275,0.16,0,0,1,0,0,0,7,0,0,0,0,N,X
40802,0.78,-0.08,0.33,-0.3505,0.0460,-0.1219,0.9275,0.16,0,0,1,0,0,0,7,0,0,0,0,N,X
40802,0.78,-0.08,0.33,-0.3505,0.0460,-0.1219,0.9275,0.16,0,0,1,0,0,0,7,0,0,0,0,N,X
40802,0.78,-0.08,0.33,-0.3505,0.0460,-0.1219,0.9275,0.16,0,0,1,0,0,0,7,0,0,0,0,N,X
40802,0.78,-0.08,0.33,-0.3505,0.0460,-0.1219,0.9275,0.16,0,0,1,0,0,0,7,0,0,0,0,N,X
40802,0.78,-0.08,0.33,-0.3505,0.0460,-0.1219,0.9275,0.16,0,0,1,0,0,0,7,0,0,0,0,N,X
40802,0.78,-0.08,0.33,-0.3505,0.0460,-0.1219,0.9275,0.16,0,0,1,0,0,0,7,0,0,0,0,N,X
40802,0.78,-0.08,0.33,-0.3505,0.0460,-0.1219,0.9275,0.16,0,0,1,0,0,0,7,0,0,0,0,N,X
40802,0.78,-0.08,0.33,-0.3505,0.0460,-0.1219,0.9275,0.16,0,0,1,0,0,0,7,0,0,0,0,N,X
40802,0.78,-0.08,0.33,-0.3505,0.0460,-0.1219,0.9275,0.16,0,0,1,0,0,0,7,0,0,0,0,N,X
40802,0.78,-0.08,0.33,-0.3505,0.0460,-0.1219,0.9275,0.16,0,0,1,0,0,0,7,0,0,0,0,N,X
40802,0.78,-0.08,0.33,-0.3505,0.0460,-0.1219,0.9275,0.16,0,0,1,0,0,0,7,0,0,0,0,N,X
40802,0.78,-0.08,0.33,-0.3505,0.0460,-0.1219,0.9275,0.16,0,0,1,0,0,0,7,0,0,0,0,N,X
40802,0.78,-0.08,0.33,-0.3505,0.0460,-0.1219,0.9275,0.16,0,0,1,0,0,0,7,0,0,0,0,N,X
40802,0.78,-0.08,0.33,-0.3505,0.0460,-0.1219,0.9275,0.16,0,0,1,0,0,0,7,0,0,0,0,N,X
40802,0.78,-0.08,0.33,-0.3505,0.0460,-0.1219,0.9275,0.16,0,0,1,0,0,0,7,0,0,0,0,N,X
40802,0.78,-0.08,0.33,-0.3505,0.0460,-0.1219,0.9275,0.16,0,0,1,0,0,0,7,0,0,0,0,N,X
40802,0.78,-0.08,0.33,-0.3505,0.0460,-0.1219,0.9275,0.16,0,0,1,0,0,0,7,0,0,0,0,N,X
40802,0.78,-0.08,0.33,-0.3505,0.0460,-0.1219,0.9275,0.16,0,0,1,0,0,0,7,0,0,0,0,N,X
40802,0.78,-0.08,0.33,-0.3505,0.0460,-0.1219,0.9275,0.16,0,0,1,0,0,0,7,0,0,0,0,N,X
40802,0.78,-0.08,0.33,-0.3505,0.0460,-0.1219,0.9275,0.16,0,0,1,0,0,0,7,0,0,0,0,N,X
40802,0.78,-0.08,0.33,-0.3505,0.0460,-0.1219,0.9275,0.16,0,0,1,0,0,0,7,0,0,0,0,N,X
40802,0.78,-0.08,0.33,-0.3505,0.0460,-0.1219,0.9275,0.16,0,0,1,0,0,0,7,0,0,0,0,N,X
40802,0.78,-0.08,0.33,-0.3505,0.0460,-0.1219,0.9275,0.16,0,0,1,0,0,0,7,0,0,0,0,N,X
40802,0.78,-0.08,0.33,-0.3505,0.0460,-0.1219,0.9275,0.16,0,0,1,0,0,0,7,0,0,0,0,N,X
40802,0.78,-0.08,0.33,-0.3505,0.0460,-0.1219,0.9275,0.16,0,0,1,0,0,0,7,0,0,0,0,N,X
40802,0.78,-0.08,0.33,-0.3505,0.0460,-0.1219,0.9275,0.16,0,0,1,0,0,0,7,0,0,0,0,N,X
40802,0.78,-0.08,0.33,-0.3505,0.0460,-0.1219,0.9275,0.16,0,0,1,0,0,0,7,0,0,0,0,N,X
40802,0.78,-0.08,0.33,-0.3505,0.0460,-0.1219,0.9275,0.16,0,0,1,0,0,0,7,0,0,0,0,N,X
40802,0.78,-0.08,0.33,-0.3505,0.0460,-0.1219,0.9275,0.16,0,0,1,0,0,0,7,0,0,0,0,N,X
40802,0.78,-0.08,0.33,-0.3505,0.0460,-0.1219,0.9275,0.16,0,0,1,0,0,0,7,0,0,0,0,N,X
40802,0.78,-0.08,0.33,-0.3505,0.0460,-0.1219,0.9275,0.16,0,0,1,0,0,0,7,0,0,0,0,N,X
41335,-0.59,0.79,0.00,-0.0443,-0.0409,0.0699,0.9957,0.22,0,0,1,0,0,0,7,0,0,0,0,N,X
41335,-0.59,0.79,0.00,-0.0443,-0.0409,0.0699,0.9957,0.22,0,0,1,0,0,0,7,0,0,0,0,N,X
41335,-0.59,0.79,0.00,-0.0443,-0.0409,0.0699,0.9957,0.22,0,0,1,0,0,0,7,0,0,0,0,N,X
41335,-0.59,0.79,0.00,-0.0443,-0.0409,0.0699,0.9957,0.22,0,0,1,0,0,0,7,0,0,0,0,N,X
41335,-0.59,0.79,0.00,-0.0443,-0.0409,0.0699,0.9957,0.22,0,0,1,0,0,0,7,0,0,0,0,N,X
41335,-0.59,0.79,0.00,-0.0443,-0.0409,0.0699,0.9957,0.22,0,0,1,0,0,0,7,0,0,0,0,N,X
41335,-0.59,0.79,0.00,-0.0443,-0.0409,0.0699,0.9957,0.22,0,0,1,0,0,0,7,0,0,0,0,N,X
41335,-0.59,0.79,0.00,-0.0443,-0.0409,0.0699,0.9957,0.22,0,0,1,0,0,0,7,0,0,0,0,N,X
41335,-0.59,0.79,0.00,-0.0443,-0.0409,0.0699,0.9957,0.22,0,0,1,0,0,0,7,0,0,0,0,N,X
41335,-0.59,0.79,0.00,-0.0443,-0.0409,0.0699,0.9957,0.22,0,0,1,0,0,0,7,0,0,0,0,N,X
41335,-0.59,0.79,0.00,-0.0443,-0.0409,0.0699,0.9957,0.22,0,0,1,0,0,0,7,0,0,0,0,N,X
41335,-0.59,0.79,0.00,-0.0443,-0.0409,0.0699,0.9957,0.22,0,0,1,0,0,0,7,0,0,0,0,N,X
41335,-0.59,0.79,0.00,-0.0443,-0.0409,0.0699,0.9957,0.22,0,0,1,0,0,0,7,0,0,0,0,N,X
41335,-0.59,0.79,0.00,-0.0443,-0.0409,0.0699,0.9957,0.22,0,0,1,0,0,0,7,0,0,0,0,N,X
41335,-0.59,0.79,0.00,-0.0443,-0.0409,0.0699,0.9957,0.22,0,0,1,0,0,0,7,0,0,0,0,N,X
41335,-0.59,0.79,0.00,-0.0443,-0.0409,0.0699,0.9957,0.22,0,0,1,0,0,0,7,0,0,0,0,N,X
41335,-0.59,0.79,0.00,-0.0443,-0.0409,0.0699,0.9957,0.22,0,0,1,0,0,0,7,0,0,0,0,N,X
41335,-0.59,0.79,0.00,-0.0443,-0.0409,0.0699,0.9957,0.22,0,0,1,0,0,0,7,0,0,0,0,N,X
41335,-0.59,0.79,0.00,-0.0443,-0.0409,0.0699,0.9957,0.22,0,0,1,0,0,0,7,0,0,0,0,N,X
41335,-0.59,0.79,0.00,-0.0443,-0.0409,0.0699,0.9957,0.22,0,0,1,0,0,0,7,0,0,0,0,N,X
41335,-0.59,0.79,0.00,-0.0443,-0.0409,0.0699,0.9957,0.22,0,0,1,0,0,0,7,0,0,0,0,N,X
41335,-0.59,0.79,0.00,-0.0443,-0.0409,0.0699,0.9957,0.22,0,0,1,0,0,0,7,0,0,0,0,N,X
41335,-0.59,0.79,0.00,-0.0443,-0.0409,0.0699,0.9957,0.22,0,0,1,0,0,0,7,0,0,0,0,N,X
41335,-0.59,0.79,0.00,-0.0443,-0.0409,0.0699,0.9957,0.22,0,0,1,0,0,0,7,0,0,0,0,N,X
41335,-0.59,0.79,0.00,-0.0443,-0.0409,0.0699,0.9957,0.22,0,0,1,0,0,0,7,0,0,0,0,N,X
41335,-0.59,0.79,0.00,-0.0443,-0.0409,0.0699,0.9957,0.22,0,0,1,0,0,0,7,0,0,0,0,N,X
41335,-0.59,0.79,0.00,-0.0443,-0.0409,0.0699,0.9957,0.22,0,0,1,0,0,0,7,0,0,0,0,N,X
41335,-0.59,0.79,0.00,-0.0443,-0.0409,0.0699,0.9957,0.22,0,0,1,0,0,0,7,0,0,0,0,N,X
41335,-0.59,0.79,0.00,-0.0443,-0.0409,0.0699,0.9957,0.22,0,0,1,0,0,0,7,0,0,0,0,N,X
41335,-0.59,0.79,0.00,-0.0443,-0.0409,0.0699,0.9957,0.22,0,0,1,0,0,0,7,0,0,0,0,N,X
41335,-0.59,0.79,0.00,-0.0443,-0.0409,0.0699,0.9957,0.22,0,0,1,0,0,0,7,0,0,0,0,N,X
41335,-0.59,0.79,0.00,-0.0443,-0.0409,0.0699,0.9957,0.22,0,0,1,0,0,0,7,0,0,0,0,N,X
41335,-0.59,0.79,0.00,-0.0443,-0.0409,0.0699,0.9957,0.22,0,0,1,0,0,0,7,0,0,0,0,N,X
41865,-0.59,-0.01,0.74,-0.0699,0.0404,-0.0799,0.9935,0.05,0,0,1,0,0,0,7,0,0,0,0,N,X
41865,-0.59,-0.01,0.74,-0.0699,0.0404,-0.0799,0.9935,0.05,0,0,1,0,0,0,7,0,0,0,0,N,X
41865,-0.59,-0.01,0.74,-0.0699,0.0404,-0.0799,0.9935,0.05,0,0,1,0,0,0,7,0,0,0,0,N,X
41865,-0.59,-0.01,0.74,-0.0699,0.0404,-0.0799,0.9935,0.05,0,0,1,0,0,0,7,0,0,0,0,N,X
41865,-0.59,-0.01,0.74,-0.0699,0.0404,-0.0799,0.9935,0.05,0,0,1,0,0,0,7,0,0,0,0,N,X
41865,-0.59,-0.01,0.74,-0.0699,0.0404,-0.0799,0.9935,0.05,0,0,1,0,0,0,7,0,0,0,0,N,X
41865,-0.59,-0.01,0.74,-0.0699,0.0404,-0.0799,0.9935,0.05,0,0,1,0,0,0,7,0,0,0,0,N,X
41865,-0.59,-0.01,0.74,-0.0699,0.0404,-0.0799,0.9935,0.05,0,0,1,0,0,0,7,0,0,0,0,N,X
41865,-0.59,-0.01,0.74,-0.0699,0.0404,-0.0799,0.9935,0.05,0,0,1,0,0,0,7,0,0,0,0,N,X
41865,-0.59,-0.01,0.74,-0.0699,0.0404,-0.0799,0.9935,0.05,0,0,1,0,0,0,7,0,0,0,0,N,X
41865,-0.59,-0.01,0.74,-0.0699,0.0404,-0.0799,0.9935,0.05,0,0,1,0,0,0,7,0,0,0,0,N,X
41865,-0.59,-0.01,0.74,-0.0699,0.0404,-0.0799,0.9935,0.05,0,0,1,0,0,0,7,0,0,0,0,N,X
41865,-0.59,-0.01,0.74,-0.0699,0.0404,-0.0799,0.9935,0.05,0,0,1,0,0,0,7,0,0,0,0,N,X
41865,-0.59,-0.01,0.74,-0.0699,0.0404,-0.0799,0.9935,0.05,0,0,1,0,0,0,7,0,0,0,0,N,X
41865,-0.59,-0.01,0.74,-0.0699,0.0404,-0.0799,0.9935,0.05,0,0,1,0,0,0,7,0,0,0,0,N,X
41865,-0.59,-0.01,0.74,-0.0699,0.0404,-0.0799,0.9935,0.05,0,0,1,0,0,0,7,0,0,0,0,N,X
41865,-0.59,-0.01,0.74,-0.0699,0.0404,-0.0799,0.9935,0.05,0,0,1,0,0,0,7,0,0,0,0,N,X
41865,-0.59,-0.01,0.74,-0.0699,0.0404,-0.0799,0.9935,0.05,0,0,1,0,0,0,7,0,0,0,0,N,X
41865,-0.59,-0.01,0.74,-0.0699,0.0404,-0.0799,0.9935,0.05,0,0,1,0,0,0,7,0,0,0,0,N,X
41865,-0.59,-0.01,0.74,-0.0699,0.0404,-0.0799,0.9935,0.05,0,0,1,0,0,0,7,0,0,0,0,N,X
41865,-0.59,-0.01,0.74,-0.0699,0.0404,-0.0799,0.9935,0.05,0,0,1,0,0,0,7,0,0,0,0,N,X
41865,-0.59,-0.01,0.74,-0.0699,0.0404,-0.0799,0.9935,0.05,0,0,1,0,0,0,7,0,0,0,0,N,X
41865,-0.59,-0.01,0.74,-0.0699,0.0404,-0.0799,0.9935,0.05,0,0,1,0,0,0,7,0,0,0,0,N,X
41865,-0.59,-0.01,0.74,-0.0699,0.0404,-0.0799,0.9935,0.05,0,0,1,0,0,0,7,0,0,0,0,N,X
41865,-0.59,-0.01,0.74,-0.0699,0.0404,-0.0799,0.9935,0.05,0,0,1,0,0,0,7,0,0,0,0,N,X
41865,-0.59,-0.01,0.74,-0.0699,0.0404,-0.0799,0.9935,0.05,0,0,1,0,0,0,7,0,0,0,0,N,X
41865,-0.59,-0.01,0.74,-0.0699,0.0404,-0.0799,0.9935,0.05,0,0,1,0,0,0,7,0,0,0,0,N,X
41865,-0.59,-0.01,0.74,-0.0699,0.0404,-0.0799,0.9935,0.05,0,0,1,0,0,0,7,0,0,0,0,N,X
41865,-0.59,-0.01,0.74,-0.0699,0.0404,-0.0799,0.9935,0.05,0,0,1,0,0,0,7,0,0,0,0,N,X
41865,-0.59,-0.01,0.74,-0.0699,0.0404,-0.0799,0.9935,0.05,0,0,1,0,0,0,7,0,0,0,0,N,X
41865,-0.59,-0.01,0.74,-0.0699,0.0404,-0.0799,0.9935,0.05,0,0,1,0,0,0,7,0,0,0,0,N,X
41865,-0.59,-0.01,0.74,-0.0699,0.0404,-0.0799,0.9935,0.05,0,0,1,0,0,0,7,0,0,0,0,N,X
41865,-0.59,-0.01,0.74,-0.0699,0.0404,-0.0799,0.9935,0.05,0,0,1,0,0,0,7,0,0,0,0,N,X
42402,-0.15,-0.02,0.26,-0.0021,0.0491,-0.0613,0.9969,-0.19,0,0,1,0,0,0,7,0,0,0,0,N,X
42402,-0.15,-0.02,0.26,-0.0021,0.0491,-0.0613,0.9969,-0.19,0,0,1,0,0,0,7,0,0,0,0,N,X
42402,-0.15,-0.02,0.26,-0.0021,0.0491,-0.0613,0.9969,-0.19,0,0,1,0,0,0,7,0,0,0,0,N,X
42402,-0.15,-0.02,0.26,-0.0021,0.0491,-0.0613,0.9969,-0.19,0,0,1,0,0,0,7,0,0,0,0,N,X
42402,-0.15,-0.02,0.26,-0.0021,0.0491,-0.0613,0.9969,-0.19,0,0,1,0,0,0,7,0,0,0,0,N,X
42402,-0.15,-0.02,0.26,-0.0021,0.0491,-0.0613,0.9969,-0.19,0,0,1,0,0,0,7,0,0,0,0,N,X
42402,-0.15,-0.02,0.26,-0.0021,0.0491,-0.0613,0.9969,-0.19,0,0,1,0,0,0,7,0,0,0,0,N,X
42402,-0.15,-0.02,0.26,-0.0021,0.0491,-0.0613,0.9969,-0.19,0,0,1,0,0,0,7,0,0,0,0,N,X
42402,-0.15,-0.02,0.26,-0.0021,0.0491,-0.0613,0.9969,-0.19,0,0,1,0,0,0,7,0,0,0,0,N,X
42402,-0.15,-0.02,0.26,-0.0021,0.0491,-0.0613,0.9969,-0.19,0,0,1,0,0,0,7,0,0,0,0,N,X
42402,-0.15,-0.02,0.26,-0.0021,0.0491,-0.0613,0.9969,-0.19,0,0,1,0,0,0,7,0,0,0,0,N,X
42402,-0.15,-0.02,0.26,-0.0021,0.0491,-0.0613,0.9969,-0.19,0,0,1,0,0,0,7,0,0,0,0,N,X
42402,-0.15,-0.02,0.26,-0.0021,0.0491,-0.0613,0.9969,-0.19,0,0,1,0,0,0,7,0,0,0,0,N,X
42402,-0.15,-0.02,0.26,-0.0021,0.0491,-0.0613,0.9969,-0.19,0,0,1,0,0,0,7,0,0,0,0,N,X
42402,-0.15,-0.02,0.26,-0.0021,0.0491,-0.0613,0.9969,-0.19,0,0,1,0,0,0,7,0,0,0,0,N,X
42402,-0.15,-0.02,0.26,-0.0021,0.0491,-0.0613,0.9969,-0.19,0,0,1,0,0,0,7,0,0,0,0,N,X
42402,-0.15,-0.02,0.26,-0.0021,0.0491,-0.0613,0.9969,-0.19,0,0,1,0,0,0,7,0,0,0,0,N,X
42402,-0.15,-0.02,0.26,-0.0021,0.0491,-0.0613,0.9969,-0.19,0,0,1,0,0,0,7,0,0,0,0,N,X
42402,-0.15,-0.02,0.26,-0.0021,0.0491,-0.0613,0.9969,-0.19,0,0,1,0,0,0,7,0,0,0,0,N,X
42402,-0.15,-0.02,0.26,-0.0021,0.0491,-0.0613,0.9969,-0.19,0,0,1,0,0,0,7,0,0,0,0,N,X
42402,-0.15,-0.02,0.26,-0.0021,0.0491,-0.0613,0.9969,-0.19,0,0,1,0,0,0,7,0,0,0,0,N,X
42402,-0.15,-0.02,0.26,-0.0021,0.0491,-0.0613,0.9969,-0.19,0,0,1,0,0,0,7,0,0,0,0,N,X
42402,-0.15,-0.02,0.26,-0.0021,0.0491,-0.0613,0.9969,-0.19,0,0,1,0,0,0,7,0,0,0,0,N,X
42402,-0.15,-0.02,0.26,-0.0021,0.0491,-0.0613,0.9969,-0.19,0,0,1,0,0,0,7,0,0,0,0,N,X
42402,-0.15,-0.02,0.26,-0.0021,0.0491,-0.0613,0.9969,-0.19,0,0,1,0,0,0,7,0,0,0,0,N,X
42402,-0.15,-0.02,0.26,-0.0021,0.0491,-0.0613,0.9969,-0.19,0,0,1,0,0,0,7,0,0,0,0,N,X
42402,-0.15,-0.02,0.26,-0.0021,0.0491,-0.0613,0.9969,-0.19,0,0,1,0,0,0,7,0,0,0,0,N,X
42402,-0.15,-0.02,0.26,-0.0021,0.0491,-0.0613,0.9969,-0.19,0,0,1,0,0,0,7,0,0,0,0,N,X
42402,-0.15,-0.02,0.26,-0.0021,0.0491,-0.0613,0.9969,-0.19,0,0,1,0,0,0,7,0,0,0,0,N,X
42402,-0.15,-0.02,0.26,-0.0021,0.0491,-0.0613,0.9969,-0.19,0,0,1,0,0,0,7,0,0,0,0,N,X
42402,-0.15,-0.02,0.26,-0.0021,0.0491,-0.0613,0.9969,-0.19,0,0,1,0,0,0,7,0,0,0,0,N,X
42402,-0.15,-0.02,0.26,-0.0021,0.0491,-0.0613,0.9969,-0.19,0,0,1,0,0,0,7,0,0,0,0,N,X
42402,-0.15,-0.02,0.26,-0.0021,0.0491,-0.0613,0.9969,-0.19,0,0,1,0,0,0,7,0,0,0,0,N,X
42935,-0.30,0.96,-0.41,0.0328,0.0585,-0.0866,0.9940,-0.21,0,0,1,0,0,0,2,0,0,0,0,N,X
42935,-0.30,0.96,-0.41,0.0328,0.0585,-0.0866,0.9940,-0.21,0,0,1,0,0,0,2,0,0,0,0,N,X
42935,-0.30,0.96,-0.41,0.0328,0.0585,-0.0866,0.9940,-0.21,0,0,1,0,0,0,2,0,0,0,0,N,X
42935,-0.30,0.96,-0.41,0.0328,0.0585,-0.0866,0.9940,-0.21,0,0,1,0,0,0,2,0,0,0,0,N,X
42935,-0.30,0.96,-0.41,0.0328,0.0585,-0.0866,0.9940,-0.21,0,0,1,0,0,0,2,0,0,0,0,N,X
42935,-0.30,0.96,-0.41,0.0328,0.0585,-0.0866,0.9940,-0.21,0,0,1,0,0,0,2,0,0,0,0,N,X
42935,-0.30,0.96,-0.41,0.0328,0.0585,-0.0866,0.9940,-0.21,0,0,1,0,0,0,2,0,0,0,0,N,X
42935,-0.30,0.96,-0.41,0.0328,0.0585,-0.0866,0.9940,-0.21,0,0,1,0,0,0,2,0,0,0,0,N,X
42935,-0.30,0.96,-0.41,0.0328,0.0585,-0.0866,0.9940,-0.21,0,0,1,0,0,0,2,0,0,0,0,N,X
42935,-0.30,0.96,-0.41,0.0328,0.0585,-0.0866,0.9940,-0.21,0,0,1,0,0,0,2,0,0,0,0,N,X
42935,-0.30,0.96,-0.41,0.0328,0.0585,-0.0866,0.9940,-0.21,0,0,1,0,0,0,2,0,0,0,0,N,X
42935,-0.30,0.96,-0.41,0.0328,0.0585,-0.0866,0.9940,-0.21,0,0,1,0,0,0,2,0,0,0,0,N,X
42935,-0.30,0.96,-0.41,0.0328,0.0585,-0.0866,0.9940,-0.21,0,0,1,0,0,0,2,0,0,0,0,N,X
42935,-0.30,0.96,-0.41,0.0328,0.0585,-0.0866,0.9940,-0.21,0,0,1,0,0,0,2,0,0,0,0,N,X
42935,-0.30,0.96,-0.41,0.0328,0.0585,-0.0866,0.9940,-0.21,0,0,1,0,0,0,2,0,0,0,0,N,X
42935,-0.30,0.96,-0.41,0.0328,0.0585,-0.0866,0.9940,-0.21,0,0,1,0,0,0,2,0,0,0,0,N,X
42935,-0.30,0.96,-0.41,0.0328,0.0585,-0.0866,0.9940,-0.21,0,0,1,0,0,0,2,0,0,0,0,N,X
42935,-0.30,0.96,-0.41,0.0328,0.0585,-0.0866,0.9940,-0.21,0,0,1,0,0,0,2,0,0,0,0,N,X
42935,-0.30,0.96,-0.41,0.0328,0.0585,-0.0866,0.9940,-0.21,0,0,1,0,0,0,2,0,0,0,0,N,X
42935,-0.30,0.96,-0.41,0.0328,0.0585,-0.0866,0.9940,-0.21,0,0,1,0,0,0,2,0,0,0,0,N,X
42935,-0.30,0.96,-0.41,0.0328,0.0585,-0.0866,0.9940,-0.21,0,0,1,0,0,0,2,0,0,0,0,N,X
42935,-0.30,0.96,-0.41,0.0328,0.0585,-0.0866,0.9940,-0.21,0,0,1,0,0,0,2,0,0,0,0,N,X
42935,-0.30,0.96,-0.41,0.0328,0.0585,-0.0866,0.9940,-0.21,0,0,1,0,0,0,2,0,0,0,0,N,X
42935,-0.30,0.96,-0.41,0.0328,0.0585,-0.0866,0.9940,-0.21,0,0,1,0,0,0,2,0,0,0,0,N,X
42935,-0.30,0.96,-0.41,0.0328,0.0585,-0.0866,0.9940,-0.21,0,0,1,0,0,0,2,0,0,0,0,N,X
42935,-0.30,0.96,-0.41,0.0328,0.0585,-0.0866,0.9940,-0.21,0,0,1,0,0,0,2,0,0,0,0,N,X
42935,-0.30,0.96,-0.41,0.0328,0.0585,-0.0866,0.9940,-0.21,0,0,1,0,0,0,2,0,0,0,0,N,X
42935,-0.30,0.96,-0.41,0.0328,0.0585,-0.0866,0.9940,-0.21,0,0,1,0,0,0,2,0,0,0,0,N,X
42935,-0.30,0.96,-0.41,0.0328,0.0585,-0.0866,0.9940,-0.21,0,0,1,0,0,0,2,0,0,0,0,N,X
42935,-0.30,0.96,-0.41,0.0328,0.0585,-0.0866,0.9940,-0.21,0,0,1,0,0,0,2,0,0,0,0,N,X
42935,-0.30,0.96,-0.41,0.0328,0.0585,-0.0866,0.9940,-0.21,0,0,1,0,0,0,2,0,0,0,0,N,X
42935,-0.30,0.96,-0.41,0.0328,0.0585,-0.0866,0.9940,-0.21,0,0,1,0,0,0,2,0,0,0,0,N,X
43470,1.49,-2.11,-0.90,0.0650,0.3215,-0.5449,0.7717,0.22,0,0,1,0,0,0,2,0,0,0,0,N,X
43470,1.49,-2.11,-0.90,0.0650,0.3215,-0.5449,0.7717,0.22,0,0,1,0,0,0,2,0,0,0,0,N,X
43470,1.49,-2.11,-0.90,0.0650,0.3215,-0.5449,0.7717,0.22,0,0,1,0,0,0,2,0,0,0,0,N,X
43470,1.49,-2.11,-0.90,0.0650,0.3215,-0.5449,0.7717,0.22,0,0,1,0,0,0,2,0,0,0,0,N,X
43470,1.49,-2.11,-0.90,0.0650,0.3215,-0.5449,0.7717,0.22,0,0,1,0,0,0,2,0,0,0,0,N,X
43470,1.49,-2.11,-0.90,0.0650,0.3215,-0.5449,0.7717,0.22,0,0,1,0,0,0,2,0,0,0,0,N,X
43470,1.49,-2.11,-0.90,0.0650,0.3215,-0.5449,0.7717,0.22,0,0,1,0,0,0,2,0,0,0,0,N,X
43470,1.49,-2.11,-0.90,0.0650,0.3215,-0.5449,0.7717,0.22,0,0,1,0,0,0,2,0,0,0,0,N,X
43470,1.49,-2.11,-0.90,0.0650,0.3215,-0.5449,0.7717,0.22,0,0,1,0,0,0,2,0,0,0,0,N,X
43470,1.49,-2.11,-0.90,0.0650,0.3215,-0.5449,0.7717,0.22,0,0,1,0,0,0,2,0,0,0,0,N,X
43470,1.49,-2.11,-0.90,0.0650,0.3215,-0.5449,0.7717,0.22,0,0,1,0,0,0,2,0,0,0,0,N,X
43470,1.49,-2.11,-0.90,0.0650,0.3215,-0.5449,0.7717,0.22,0,0,1,0,0,0,2,0,0,0,0,N,X
43470,1.49,-2.11,-0.90,0.0650,0.3215,-0.5449,0.7717,0.22,0,0,1,0,0,0,2,0,0,0,0,N,X
43470,1.49,-2.11,-0.90,0.0650,0.3215,-0.5449,0.7717,0.22,0,0,1,0,0,0,2,0,0,0,0,N,X
43470,1.49,-2.11,-0.90,0.0650,0.3215,-0.5449,0.7717,0.22,0,0,1,0,0,0,2,0,0,0,0,N,X
43470,1.49,-2.11,-0.90,0.0650,0.3215,-0.5449,0.7717,0.22,0,0,1,0,0,0,2,0,0,0,0,N,X
43470,1.49,-2.11,-0.90,0.0650,0.3215,-0.5449,0.7717,0.22,0,0,1,0,0,0,2,0,0,0,0,N,X
43470,1.49,-2.11,-0.90,0.0650,0.3215,-0.5449,0.7717,0.22,0,0,1,0,0,0,2,0,0,0,0,N,X
43470,1.49,-2.11,-0.90,0.0650,0.3215,-0.5449,0.7717,0.22,0,0,1,0,0,0,2,0,0,0,0,N,X
43470,1.49,-2.11,-0.90,0.0650,0.3215,-0.5449,0.7717,0.22,0,0,1,0,0,0,2,0,0,0,0,N,X
43470,1.49,-2.11,-0.90,0.0650,0.3215,-0.5449,0.7717,0.22,0,0,1,0,0,0,2,0,0,0,0,N,X
43470,1.49,-2.11,-0.90,0.0650,0.3215,-0.5449,0.7717,0.22,0,0,1,0,0,0,2,0,0,0,0,N,X
43470,1.49,-2.11,-0.90,0.0650,0.3215,-0.5449,0.7717,0.22,0,0,1,0,0,0,2,0,0,0,0,N,X
43470,1.49,-2.11,-0.90,0.0650,0.3215,-0.5449,0.7717,0.22,0,0,1,0,0,0,2,0,0,0,0,N,X
43470,1.49,-2.11,-0.90,0.0650,0.3215,-0.5449,0.7717,0.22,0,0,1,0,0,0,2,0,0,0,0,N,X
43470,1.49,-2.11,-0.90,0.0650,0.3215,-0.5449,0.7717,0.22,0,0,1,0,0,0,2,0,0,0,0,N,X
43470,1.49,-2.11,-0.90,0.0650,0.3215,-0.5449,0.7717,0.22,0,0,1,0,0,0,2,0,0,0,0,N,X
43470,1.49,-2.11,-0.90,0.0650,0.3215,-0.5449,0.7717,0.22,0,0,1,0,0,0,2,0,0,0,0,N,X
43470,1.49,-2.11,-0.90,0.0650,0.3215,-0.5449,0.7717,0.22,0,0,1,0,0,0,2,0,0,0,0,N,X
43470,1.49,-2.11,-0.90,0.0650,0.3215,-0.5449,0.7717,0.22,0,0,1,0,0,0,2,0,0,0,0,N,X
43470,1.49,-2.11,-0.90,0.0650,0.3215,-0.5449,0.7717,0.22,0,0,1,0,0,0,2,0,0,0,0,N,X
43470,1.49,-2.11,-0.90,0.0650,0.3215,-0.5449,0.7717,0.22,0,0,1,0,0,0,2,0,0,0,0,N,X
43470,1.49,-2.11,-0.90,0.0650,0.3215,-0.5449,0.7717,0.22,0,0,1,0,0,0,2,0,0,0,0,N,X
43470,1.49,-2.11,-0.90,0.0650,0.3215,-0.5449,0.7717,0.22,0,0,1,0,0,0,2,0,0,0,0,N,X
43470,1.49,-2.11,-0.90,0.0650,0.3215,-0.5449,0.7717,0.22,0,0,1,0,0,0,2,0,0,0,0,N,X
43470,1.49,-2.11,-0.90,0.0650,0.3215,-0.5449,0.7717,0.22,0,0,1,0,0,0,2,0,0,0,0,N,X
43470,1.49,-2.11,-0.90,0.0650,0.3215,-0.5449,0.7717,0.22,0,0,1,0,0,0,2,0,0,0,0,N,X
43470,1.49,-2.11,-0.90,0.0650,0.3215,-0.5449,0.7717,0.22,0,0,1,0,0,0,2,0,0,0,0,N,X
43470,1.49,-2.11,-0.90,0.0650,0.3215,-0.5449,0.7717,0.22,0,0,1,0,0,0,2,0,0,0,0,N,X
43470,1.49,-2.11,-0.90,0.0650,0.3215,-0.5449,0.7717,0.22,0,0,1,0,0,0,2,0,0,0,0,N,X
43470,1.49,-2.11,-0.90,0.0650,0.3215,-0.5449,0.7717,0.22,0,0,1,0,0,0,2,0,0,0,0,N,X
43470,1.49,-2.11,-0.90,0.0650,0.3215,-0.5449,0.7717,0.22,0,0,1,0,0,0,2,0,0,0,0,N,X
43470,1.49,-2.11,-0.90,0.0650,0.3215,-0.5449,0.7717,0.22,0,0,1,0,0,0,2,0,0,0,0,N,X
43470,1.49,-2.11,-0.90,0.0650,0.3215,-0.5449,0.7717,0.22,0,0,1,0,0,0,2,0,0,0,0,N,X
43470,1.49,-2.11,-0.90,0.0650,0.3215,-0.5449,0.7717,0.22,0,0,1,0,0,0,2,0,0,0,0,N,X
43470,1.49,-2.11,-0.90,0.0650,0.3215,-0.5449,0.7717,0.22,0,0,1,0,0,0,2,0,0,0,0,N,X
43470,1.49,-2.11,-0.90,0.0650,0.3215,-0.5449,0.7717,0.22,0,0,1,0,0,0,2,0,0,0,0,N,X
43470,1.49,-2.11,-0.90,0.0650,0.3215,-0.5449,0.7717,0.22,0,0,1,0,0,0,2,0,0,0,0,N,X
43470,1.49,-2.11,-0.90,0.0650,0.3215,-0.5449,0.7717,0.22,0,0,1,0,0,0,2,0,0,0,0,N,X
43470,1.49,-2.11,-0.90,0.0650,0.3215,-0.5449,0.7717,0.22,0,0,1,0,0,0,2,0,0,0,0,N,X
43470,1.49,-2.11,-0.90,0.0650,0.3215,-0.5449,0.7717,0.22,0,0,1,0,0,0,2,0,0,0,0,N,X
43470,1.49,-2.11,-0.90,0.0650,0.3215,-0.5449,0.7717,0.22,0,0,1,0,0,0,2,0,0,0,0,N,X
43470,1.49,-2.11,-0.90,0.0650,0.3215,-0.5449,0.7717,0.22,0,0,1,0,0,0,2,0,0,0,0,N,X
43470,1.49,-2.11,-0.90,0.0650,0.3215,-0.5449,0.7717,0.22,0,0,1,0,0,0,2,0,0,0,0,N,X
43470,1.49,-2.11,-0.90,0.0650,0.3215,-0.5449,0.7717,0.22,0,0,1,0,0,0,2,0,0,0,0,N,X
43470,1.49,-2.11,-0.90,0.0650,0.3215,-0.5449,0.7717,0.22,0,0,1,0,0,0,2,0,0,0,0,N,X
43470,1.49,-2.11,-0.90,0.0650,0.3215,-0.5449,0.7717,0.22,0,0,1,0,0,0,2,0,0,0,0,N,X
43470,1.49,-2.11,-0.90,0.0650,0.3215,-0.5449,0.7717,0.22,0,0,1,0,0,0,2,0,0,0,0,N,X
43470,1.49,-2.11,-0.90,0.0650,0.3215,-0.5449,0.7717,0.22,0,0,1,0,0,0,2,0,0,0,0,N,X
43470,1.49,-2.11,-0.90,0.0650,0.3215,-0.5449,0.7717,0.22,0,0,1,0,0,0,2,0,0,0,0,N,X
43470,1.49,-2.11,-0.90,0.0650,0.3215,-0.5449,0.7717,0.22,0,0,1,0,0,0,2,0,0,0,0,N,X
43470,1.49,-2.11,-0.90,0.0650,0.3215,-0.5449,0.7717,0.22,0,0,1,0,0,0,2,0,0,0,0,N,X
43470,1.49,-2.11,-0.90,0.0650,0.3215,-0.5449,0.7717,0.22,0,0,1,0,0,0,2,0,0,0,0,N,X
43470,1.49,-2.11,-0.90,0.0650,0.3215,-0.5449,0.7717,0.22,0,0,1,0,0,0,2,0,0,0,0,N,X
43470,1.49,-2.11,-0.90,0.0650,0.3215,-0.5449,0.7717,0.22,0,0,1,0,0,0,2,0,0,0,0,N,X
43470,1.49,-2.11,-0.90,0.0650,0.3215,-0.5449,0.7717,0.22,0,0,1,0,0,0,2,0,0,0,0,N,X
44536,0.18,-2.17,-1.06,-0.2016,0.4877,-0.4815,0.6998,-0.08,0,0,1,0,0,0,2,0,0,0,0,N,X
44536,0.18,-2.17,-1.06,-0.2016,0.4877,-0.4815,0.6998,-0.08,0,0,1,0,0,0,2,0,0,0,0,N,X
44536,0.18,-2.17,-1.06,-0.2016,0.4877,-0.4815,0.6998,-0.08,0,0,1,0,0,0,2,0,0,0,0,N,X
44536,0.18,-2.17,-1.06,-0.2016,0.4877,-0.4815,0.6998,-0.08,0,0,1,0,0,0,2,0,0,0,0,N,X
44536,0.18,-2.17,-1.06,-0.2016,0.4877,-0.4815,0.6998,-0.08,0,0,1,0,0,0,2,0,0,0,0,N,X
44536,0.18,-2.17,-1.06,-0.2016,0.4877,-0.4815,0.6998,-0.08,0,0,1,0,0,0,2,0,0,0,0,N,X
44536,0.18,-2.17,-1.06,-0.2016,0.4877,-0.4815,0.6998,-0.08,0,0,1,0,0,0,2,0,0,0,0,N,X
44536,0.18,-2.17,-1.06,-0.2016,0.4877,-0.4815,0.6998,-0.08,0,0,1,0,0,0,2,0,0,0,0,N,X
44536,0.18,-2.17,-1.06,-0.2016,0.4877,-0.4815,0.6998,-0.08,0,0,1,0,0,0,2,0,0,0,0,N,X
44536,0.18,-2.17,-1.06,-0.2016,0.4877,-0.4815,0.6998,-0.08,0,0,1,0,0,0,2,0,0,0,0,N,X
44536,0.18,-2.17,-1.06,-0.2016,0.4877,-0.4815,0.6998,-0.08,0,0,1,0,0,0,2,0,0,0,0,N,X
44536,0.18,-2.17,-1.06,-0.2016,0.4877,-0.4815,0.6998,-0.08,0,0,1,0,0,0,2,0,0,0,0,N,X
44536,0.18,-2.17,-1.06,-0.2016,0.4877,-0.4815,0.6998,-0.08,0,0,1,0,0,0,2,0,0,0,0,N,X
44536,0.18,-2.17,-1.06,-0.2016,0.4877,-0.4815,0.6998,-0.08,0,0,1,0,0,0,2,0,0,0,0,N,X
44536,0.18,-2.17,-1.06,-0.2016,0.4877,-0.4815,0.6998,-0.08,0,0,1,0,0,0,2,0,0,0,0,N,X
44536,0.18,-2.17,-1.06,-0.2016,0.4877,-0.4815,0.6998,-0.08,0,0,1,0,0,0,2,0,0,0,0,N,X
44536,0.18,-2.17,-1.06,-0.2016,0.4877,-0.4815,0.6998,-0.08,0,0,1,0,0,0,2,0,0,0,0,N,X
44536,0.18,-2.17,-1.06,-0.2016,0.4877,-0.4815,0.6998,-0.08,0,0,1,0,0,0,2,0,0,0,0,N,X
44536,0.18,-2.17,-1.06,-0.2016,0.4877,-0.4815,0.6998,-0.08,0,0,1,0,0,0,2,0,0,0,0,N,X
44536,0.18,-2.17,-1.06,-0.2016,0.4877,-0.4815,0.6998,-0.08,0,0,1,0,0,0,2,0,0,0,0,N,X
44536,0.18,-2.17,-1.06,-0.2016,0.4877,-0.4815,0.6998,-0.08,0,0,1,0,0,0,2,0,0,0,0,N,X
44536,0.18,-2.17,-1.06,-0.2016,0.4877,-0.4815,0.6998,-0.08,0,0,1,0,0,0,2,0,0,0,0,N,X
44536,0.18,-2.17,-1.06,-0.2016,0.4877,-0.4815,0.6998,-0.08,0,0,1,0,0,0,2,0,0,0,0,N,X
44536,0.18,-2.17,-1.06,-0.2016,0.4877,-0.4815,0.6998,-0.08,0,0,1,0,0,0,2,0,0,0,0,N,X
44536,0.18,-2.17,-1.06,-0.2016,0.4877,-0.4815,0.6998,-0.08,0,0,1,0,0,0,2,0,0,0,0,N,X
44536,0.18,-2.17,-1.06,-0.2016,0.4877,-0.4815,0.6998,-0.08,0,0,1,0,0,0,2,0,0,0,0,N,X
44536,0.18,-2.17,-1.06,-0.2016,0.4877,-0.4815,0.6998,-0.08,0,0,1,0,0,0,2,0,0,0,0,N,X
44536,0.18,-2.17,-1.06,-0.2016,0.4877,-0.4815,0.6998,-0.08,0,0,1,0,0,0,2,0,0,0,0,N,X
44536,0.18,-2.17,-1.06,-0.2016,0.4877,-0.4815,0.6998,-0.08,0,0,1,0,0,0,2,0,0,0,0,N,X
44536,0.18,-2.17,-1.06,-0.2016,0.4877,-0.4815,0.6998,-0.08,0,0,1,0,0,0,2,0,0,0,0,N,X
44536,0.18,-2.17,-1.06,-0.2016,0.4877,-0.4815,0.6998,-0.08,0,0,1,0,0,0,2,0,0,0,0,N,X
44536,0.18,-2.17,-1.06,-0.2016,0.4877,-0.4815,0.6998,-0.08,0,0,1,0,0,0,2,0,0,0,0,N,X
44536,0.18,-2.17,-1.06,-0.2016,0.4877,-0.4815,0.6998,-0.08,0,0,1,0,0,0,2,0,0,0,0,N,X
45070,1.16,0.35,-0.04,-0.2411,0.4920,-0.4255,0.7202,-0.16,0,0,1,0,0,0,2,0,0,0,0,N,X
45070,1.16,0.35,-0.04,-0.2411,0.4920,-0.4255,0.7202,-0.16,0,0,1,0,0,0,2,0,0,0,0,N,X
45070,1.16,0.35,-0.04,-0.2411,0.4920,-0.4255,0.7202,-0.16,0,0,1,0,0,0,2,0,0,0,0,N,X
45070,1.16,0.35,-0.04,-0.2411,0.4920,-0.4255,0.7202,-0.16,0,0,1,0,0,0,2,0,0,0,0,N,X
45070,1.16,0.35,-0.04,-0.2411,0.4920,-0.4255,0.7202,-0.16,0,0,1,0,0,0,2,0,0,0,0,N,X
45070,1.16,0.35,-0.04,-0.2411,0.4920,-0.4255,0.7202,-0.16,0,0,1,0,0,0,2,0,0,0,0,N,X
45070,1.16,0.35,-0.04,-0.2411,0.4920,-0.4255,0.7202,-0.16,0,0,1,0,0,0,2,0,0,0,0,N,X
45070,1.16,0.35,-0.04,-0.2411,0.4920,-0.4255,0.7202,-0.16,0,0,1,0,0,0,2,0,0,0,0,N,X
45070,1.16,0.35,-0.04,-0.2411,0.4920,-0.4255,0.7202,-0.16,0,0,1,0,0,0,2,0,0,0,0,N,X
45070,1.16,0.35,-0.04,-0.2411,0.4920,-0.4255,0.7202,-0.16,0,0,1,0,0,0,2,0,0,0,0,N,X
45070,1.16,0.35,-0.04,-0.2411,0.4920,-0.4255,0.7202,-0.16,0,0,1,0,0,0,2,0,0,0,0,N,X
45070,1.16,0.35,-0.04,-0.2411,0.4920,-0.4255,0.7202,-0.16,0,0,1,0,0,0,2,0,0,0,0,N,X
45070,1.16,0.35,-0.04,-0.2411,0.4920,-0.4255,0.7202,-0.16,0,0,1,0,0,0,2,0,0,0,0,N,X
45070,1.16,0.35,-0.04,-0.2411,0.4920,-0.4255,0.7202,-0.16,0,0,1,0,0,0,2,0,0,0,0,N,X
45070,1.16,0.35,-0.04,-0.2411,0.4920,-0.4255,0.7202,-0.16,0,0,1,0,0,0,2,0,0,0,0,N,X
45070,1.16,0.35,-0.04,-0.2411,0.4920,-0.4255,0.7202,-0.16,0,0,1,0,0,0,2,0,0,0,0,N,X
45070,1.16,0.35,-0.04,-0.2411,0.4920,-0.4255,0.7202,-0.16,0,0,1,0,0,0,2,0,0,0,0,N,X
45070,1.16,0.35,-0.04,-0.2411,0.4920,-0.4255,0.7202,-0.16,0,0,1,0,0,0,2,0,0,0,0,N,X
45070,1.16,0.35,-0.04,-0.2411,0.4920,-0.4255,0.7202,-0.16,0,0,1,0,0,0,2,0,0,0,0,N,X
45070,1.16,0.35,-0.04,-0.2411,0.4920,-0.4255,0.7202,-0.16,0,0,1,0,0,0,2,0,0,0,0,N,X
45070,1.16,0.35,-0.04,-0.2411,0.4920,-0.4255,0.7202,-0.16,0,0,1,0,0,0,2,0,0,0,0,N,X
45070,1.16,0.35,-0.04,-0.2411,0.4920,-0.4255,0.7202,-0.16,0,0,1,0,0,0,2,0,0,0,0,N,X
45070,1.16,0.35,-0.04,-0.2411,0.4920,-0.4255,0.7202,-0.16,0,0,1,0,0,0,2,0,0,0,0,N,X
45070,1.16,0.35,-0.04,-0.2411,0.4920,-0.4255,0.7202,-0.16,0,0,1,0,0,0,2,0,0,0,0,N,X
45070,1.16,0.35,-0.04,-0.2411,0.4920,-0.4255,0.7202,-0.16,0,0,1,0,0,0,2,0,0,0,0,N,X
45070,1.16,0.35,-0.04,-0.2411,0.4920,-0.4255,0.7202,-0.16,0,0,1,0,0,0,2,0,0,0,0,N,X
45070,1.16,0.35,-0.04,-0.2411,0.4920,-0.4255,0.7202,-0.16,0,0,1,0,0,0,2,0,0,0,0,N,X
45070,1.16,0.35,-0.04,-0.2411,0.4920,-0.4255,0.7202,-0.16,0,0,1,0,0,0,2,0,0,0,0,N,X
45070,1.16,0.35,-0.04,-0.2411,0.4920,-0.4255,0.7202,-0.16,0,0,1,0,0,0,2,0,0,0,0,N,X
45070,1.16,0.35,-0.04,-0.2411,0.4920,-0.4255,0.7202,-0.16,0,0,1,0,0,0,2,0,0,0,0,N,X
45070,1.16,0.35,-0.04,-0.2411,0.4920,-0.4255,0.7202,-0.16,0,0,1,0,0,0,2,0,0,0,0,N,X
45070,1.16,0.35,-0.04,-0.2411,0.4920,-0.4255,0.7202,-0.16,0,0,1,0,0,0,2,0,0,0,0,N,X
45604,-0.22,-0.14,0.02,-0.3149,0.5274,-0.3799,0.6917,-0.19,0,0,1,0,0,0,2,0,0,0,0,N,X
45604,-0.22,-0.14,0.02,-0.3149,0.5274,-0.3799,0.6917,-0.19,0,0,1,0,0,0,2,0,0,0,0,N,X
45604,-0.22,-0.14,0.02,-0.3149,0.5274,-0.3799,0.6917,-0.19,0,0,1,0,0,0,2,0,0,0,0,N,X
45604,-0.22,-0.14,0.02,-0.3149,0.5274,-0.3799,0.6917,-0.19,0,0,1,0,0,0,2,0,0,0,0,N,X
45604,-0.22,-0.14,0.02,-0.3149,0.5274,-0.3799,0.6917,-0.19,0,0,1,0,0,0,2,0,0,0,0,N,X
45604,-0.22,-0.14,0.02,-0.3149,0.5274,-0.3799,0.6917,-0.19,0,0,1,0,0,0,2,0,0,0,0,N,X
45604,-0.22,-0.14,0.02,-0.3149,0.5274,-0.3799,0.6917,-0.19,0,0,1,0,0,0,2,0,0,0,0,N,X
45604,-0.22,-0.14,0.02,-0.3149,0.5274,-0.3799,0.6917,-0.19,0,0,1,0,0,0,2,0,0,0,0,N,X
45604,-0.22,-0.14,0.02,-0.3149,0.5274,-0.3799,0.6917,-0.19,0,0,1,0,0,0,2,0,0,0,0,N,X
45604,-0.22,-0.14,0.02,-0.3149,0.5274,-0.3799,0.6917,-0.19,0,0,1,0,0,0,2,0,0,0,0,N,X
45604,-0.22,-0.14,0.02,-0.3149,0.5274,-0.3799,0.6917,-0.19,0,0,1,0,0,0,2,0,0,0,0,N,X
45604,-0.22,-0.14,0.02,-0.3149,0.5274,-0.3799,0.6917,-0.19,0,0,1,0,0,0,2,0,0,0,0,N,X
45604,-0.22,-0.14,0.02,-0.3149,0.5274,-0.3799,0.6917,-0.19,0,0,1,0,0,0,2,0,0,0,0,N,X
45604,-0.22,-0.14,0.02,-0.3149,0.5274,-0.3799,0.6917,-0.19,0,0,1,0,0,0,2,0,0,0,0,N,X
45604,-0.22,-0.14,0.02,-0.3149,0.5274,-0.3799,0.6917,-0.19,0,0,1,0,0,0,2,0,0,0,0,N,X
45604,-0.22,-0.14,0.02,-0.3149,0.5274,-0.3799,0.6917,-0.19,0,0,1,0,0,0,2,0,0,0,0,N,X
45604,-0.22,-0.14,0.02,-0.3149,0.5274,-0.3799,0.6917,-0.19,0,0,1,0,0,0,2,0,0,0,0,N,X
45604,-0.22,-0.14,0.02,-0.3149,0.5274,-0.3799,0.6917,-0.19,0,0,1,0,0,0,2,0,0,0,0,N,X
45604,-0.22,-0.14,0.02,-0.3149,0.5274,-0.3799,0.6917,-0.19,0,0,1,0,0,0,2,0,0,0,0,N,X
45604,-0.22,-0.14,0.02,-0.3149,0.5274,-0.3799,0.6917,-0.19,0,0,1,0,0,0,2,0,0,0,0,N,X
45604,-0.22,-0.14,0.02,-0.3149,0.5274,-0.3799,0.6917,-0.19,0,0,1,0,0,0,2,0,0,0,0,N,X
45604,-0.22,-0.14,0.02,-0.3149,0.5274,-0.3799,0.6917,-0.19,0,0,1,0,0,0,2,0,0,0,0,N,X
45604,-0.22,-0.14,0.02,-0.3149,0.5274,-0.3799,0.6917,-0.19,0,0,1,0,0,0,2,0,0,0,0,N,X
45604,-0.22,-0.14,0.02,-0.3149,0.5274,-0.3799,0.6917,-0.19,0,0,1,0,0,0,2,0,0,0,0,N,X
45604,-0.22,-0.14,0.02,-0.3149,0.5274,-0.3799,0.6917,-0.19,0,0,1,0,0,0,2,0,0,0,0,N,X
45604,-0.22,-0.14,0.02,-0.3149,0.5274,-0.3799,0.6917,-0.19,0,0,1,0,0,0,2,0,0,0,0,N,X
45604,-0.22,-0.14,0.02,-0.3149,0.5274,-0.3799,0.6917,-0.19,0,0,1,0,0,0,2,0,0,0,0,N,X
45604,-0.22,-0.14,0.02,-0.3149,0.5274,-0.3799,0.6917,-0.19,0,0,1,0,0,0,2,0,0,0,0,N,X
45604,-0.22,-0.14,0.02,-0.3149,0.5274,-0.3799,0.6917,-0.19,0,0,1,0,0,0,2,0,0,0,0,N,X
45604,-0.22,-0.14,0.02,-0.3149,0.5274,-0.3799,0.6917,-0.19,0,0,1,0,0,0,2,0,0,0,0,N,X
45604,-0.22,-0.14,0.02,-0.3149,0.5274,-0.3799,0.6917,-0.19,0,0,1,0,0,0,2,0,0,0,0,N,X
45604,-0.22,-0.14,0.02,-0.3149,0.5274,-0.3799,0.6917,-0.19,0,0,1,0,0,0,2,0,0,0,0,N,X
45604,-0.22,-0.14,0.02,-0.3149,0.5274,-0.3799,0.6917,-0.19,0,0,1,0,0,0,2,0,0,0,0,N,X
45604,-0.22,-0.14,0.02,-0.3149,0.5274,-0.3799,0.6917,-0.19,0,0,1,0,0,0,2,0,0,0,0,N,X
45604,-0.22,-0.14,0.02,-0.3149,0.5274,-0.3799,0.6917,-0.19,0,0,1,0,0,0,2,0,0,0,0,N,X
45604,-0.22,-0.14,0.02,-0.3149,0.5274,-0.3799,0.6917,-0.19,0,0,1,0,0,0,2,0,0,0,0,N,X
45604,-0.22,-0.14,0.02,-0.3149,0.5274,-0.3799,0.6917,-0.19,0,0,1,0,0,0,2,0,0,0,0,N,X
45604,-0.22,-0.14,0.02,-0.3149,0.5274,-0.3799,0.6917,-0.19,0,0,1,0,0,0,2,0,0,0,0,N,X
45604,-0.22,-0.14,0.02,-0.3149,0.5274,-0.3799,0.6917,-0.19,0,0,1,0,0,0,2,0,0,0,0,N,X
45604,-0.22,-0.14,0.02,-0.3149,0.5274,-0.3799,0.6917,-0.19,0,0,1,0,0,0,2,0,0,0,0,N,X
45604,-0.22,-0.14,0.02,-0.3149,0.5274,-0.3799,0.6917,-0.19,0,0,1,0,0,0,2,0,0,0,0,N,X
45604,-0.22,-0.14,0.02,-0.3149,0.5274,-0.3799,0.6917,-0.19,0,0,1,0,0,0,2,0,0,0,0,N,X
45604,-0.22,-0.14,0.02,-0.3149,0.5274,-0.3799,0.6917,-0.19,0,0,1,0,0,0,2,0,0,0,0,N,X
45604,-0.22,-0.14,0.02,-0.3149,0.5274,-0.3799,0.6917,-0.19,0,0,1,0,0,0,2,0,0,0,0,N,X
45604,-0.22,-0.14,0.02,-0.3149,0.5274,-0.3799,0.6917,-0.19,0,0,1,0,0,0,2,0,0,0,0,N,X
45604,-0.22,-0.14,0.02,-0.3149,0.5274,-0.3799,0.6917,-0.19,0,0,1,0,0,0,2,0,0,0,0,N,X
45604,-0.22,-0.14,0.02,-0.3149,0.5274,-0.3799,0.6917,-0.19,0,0,1,0,0,0,2,0,0,0,0,N,X
45604,-0.22,-0.14,0.02,-0.3149,0.5274,-0.3799,0.6917,-0.19,0,0,1,0,0,0,2,0,0,0,0,N,X
45604,-0.22,-0.14,0.02,-0.3149,0.5274,-0.3799,0.6917,-0.19,0,0,1,0,0,0,2,0,0,0,0,N,X
45604,-0.22,-0.14,0.02,-0.3149,0.5274,-0.3799,0.6917,-0.19,0,0,1,0,0,0,2,0,0,0,0,N,X
45604,-0.22,-0.14,0.02,-0.3149,0.5274,-0.3799,0.6917,-0.19,0,0,1,0,0,0,2,0,0,0,0,N,X
45604,-0.22,-0.14,0.02,-0.3149,0.5274,-0.3799,0.6917,-0.19,0,0,1,0,0,0,2,0,0,0,0,N,X
45604,-0.22,-0.14,0.02,-0.3149,0.5274,-0.3799,0.6917,-0.19,0,0,1,0,0,0,2,0,0,0,0,N,X
45604,-0.22,-0.14,0.02,-0.3149,0.5274,-0.3799,0.6917,-0.19,0,0,1,0,0,0,2,0,0,0,0,N,X
45604,-0.22,-0.14,0.02,-0.3149,0.5274,-0.3799,0.6917,-0.19,0,0,1,0,0,0,2,0,0,0,0,N,X
45604,-0.22,-0.14,0.02,-0.3149,0.5274,-0.3799,0.6917,-0.19,0,0,1,0,0,0,2,0,0,0,0,N,X
45604,-0.22,-0.14,0.02,-0.3149,0.5274,-0.3799,0.6917,-0.19,0,0,1,0,0,0,2,0,0,0,0,N,X
45604,-0.22,-0.14,0.02,-0.3149,0.5274,-0.3799,0.6917,-0.19,0,0,1,0,0,0,2,0,0,0,0,N,X
45604,-0.22,-0.14,0.02,-0.3149,0.5274,-0.3799,0.6917,-0.19,0,0,1,0,0,0,2,0,0,0,0,N,X
45604,-0.22,-0.14,0.02,-0.3149,0.5274,-0.3799,0.6917,-0.19,0,0,1,0,0,0,2,0,0,0,0,N,X
45604,-0.22,-0.14,0.02,-0.3149,0.5274,-0.3799,0.6917,-0.19,0,0,1,0,0,0,2,0,0,0,0,N,X
45604,-0.22,-0.14,0.02,-0.3149,0.5274,-0.3799,0.6917,-0.19,0,0,1,0,0,0,2,0,0,0,0,N,X
45604,-0.22,-0.14,0.02,-0.3149,0.5274,-0.3799,0.6917,-0.19,0,0,1,0,0,0,2,0,0,0,0,N,X
45604,-0.22,-0.14,0.02,-0.3149,0.5274,-0.3799,0.6917,-0.19,0,0,1,0,0,0,2,0,0,0,0,N,X
45604,-0.22,-0.14,0.02,-0.3149,0.5274,-0.3799,0.6917,-0.19,0,0,1,0,0,0,2,0,0,0,0,N,X
45604,-0.22,-0.14,0.02,-0.3149,0.5274,-0.3799,0.6917,-0.19,0,0,1,0,0,0,2,0,0,0,0,N,X
